        0         0
   -0.0776   -0.0123
   -0.1494   -0.0485
   -0.2099   -0.1070
   -0.2542   -0.1847
   -0.2777   -0.2777
   -0.2770   -0.3812
   -0.2496   -0.4899
   -0.1942   -0.5976
   -0.1106   -0.6982
   -0.0000   -0.7854
    0.1351   -0.8533
    0.2912   -0.8963
    0.4635   -0.9097
    0.6463   -0.8896
    0.8330   -0.8330
    1.0166   -0.7386
    1.1897   -0.6062
    1.3445   -0.4369
    1.4739   -0.2334
    1.5708   -0.0000
    1.6290    0.2580
    1.6433    0.5339
    1.6095    0.8201
    1.5250    1.1079
    1.3884    1.3884
    1.2003    1.6520
    0.9627    1.8894
    0.6796    2.0915
    0.3563    2.2496
    0.0000    2.3562
   -0.3809    2.4048
   -0.7766    2.3903
   -1.1767    2.3093
   -1.5696    2.1604
   -1.9438    1.9438
   -2.2874    1.6619
   -2.5892    1.3193
   -2.8384    0.9223
   -3.0253    0.4792
   -3.1416    0.0000
   -3.1805   -0.5037
   -3.1372   -1.0193
   -3.0091   -1.5332
   -2.7958   -2.0312
   -2.4991   -2.4991
   -2.1236   -2.9228
   -1.6758   -3.2890
   -1.1650   -3.5854
   -0.6020   -3.8011
   -0.0000   -3.9270
    0.6266   -3.9562
    1.2620   -3.8842
    1.8898   -3.7089
    2.4929   -3.4312
    3.0545   -3.0545
    3.5582   -2.5852
    3.9888   -2.0324
    4.3324   -1.4077
    4.5768   -0.7249
    4.7124   -0.0000
    4.7319    0.7495
    4.6311    1.5047
    4.4087    2.2463
    4.0666    2.9545
    3.6098    3.6098
    3.0469    4.1936
    2.3890    4.6886
    1.6504    5.0793
    0.8478    5.3525
    0.0000    5.4978
   -0.8723    5.5077
   -1.7474    5.3781
   -2.6029    5.1085
   -3.4162    4.7020
   -4.1652    4.1652
   -4.8290    3.5085
   -5.3884    2.7455
   -5.8263    1.8931
   -6.1283    0.9706
   -6.2832    0.0000
   -6.2834   -0.9952
   -6.1251   -1.9902
   -5.8083   -2.9595
   -5.3374   -3.8778
   -4.7206   -4.7206
   -3.9702   -5.4644
   -3.1021   -6.0882
   -2.1358   -6.5732
   -1.0935   -6.9040
   -0.0000   -7.0686
    1.1181   -7.0591
    2.2329   -6.8720
    3.3160   -6.5081
    4.3395   -5.9728
    5.2759   -5.2759
    6.0998   -4.4318
    6.7880   -3.4587
    7.3202   -2.3785
    7.6797   -1.2163
    7.8540   -0.0000
    7.8349    1.2409
    7.6190    2.4756
    7.2079    3.6726
    6.6082    4.8011
    5.8313    5.8313
    4.8934    6.7352
    3.8152    7.4878
    2.6212    8.0671
    1.3392    8.4554
    0.0000    8.6394
   -1.3638    8.6106
   -2.7183    8.3659
   -4.0292    7.9077
   -5.2628    7.2436
   -6.3866    6.3866
   -7.3706    5.3551
   -8.1876    4.1718
   -8.8141    2.8639
   -9.2312    1.4621
   -9.4248    0.0000
   -9.3863   -1.4866
   -9.1129   -2.9610
   -8.6075   -4.3857
   -7.8790   -5.7244
   -6.9420   -6.9420
   -5.8167   -8.0060
   -4.5284   -8.8874
   -3.1066   -9.5611
   -1.5849  -10.0069
    0.0000  -10.2102
    1.6095  -10.1620
    3.2037   -9.8598
    4.7423   -9.3073
    6.1860   -8.5144
    7.4974   -7.4974
    8.6414   -6.2784