53503.21  35004.41
53458.68  35093.47
53406.72  35175.11
53354.77  35260.47
53284.26  35356.95
53224.88  35438.60
53169.22  35527.66
53128.39  35583.32
53061.60  35657.55
53013.36  35720.63
52957.69  35757.74
52890.89  35805.98
52820.38  35857.94
52753.59  35902.47
52668.23  35939.58
52601.43  35965.56
52542.06  35987.82
52464.12  36013.80
52378.77  36017.51
52289.71  36017.51
52208.07  36010.09
52093.03  36017.51
52029.94  36010.09
51940.88  36006.38
51855.52  36006.38
51773.88  36006.38
51677.39  36010.09
51566.06  35987.82
51462.16  35976.69
51380.51  35954.43
51284.03  35935.87
51191.25  35906.18
51131.88  35895.05
51065.08  35880.21
50998.28  35861.65
50912.93  35839.38
50831.29  35828.25
50760.78  35809.70
50693.98  35798.56
50623.47  35791.14
50541.83  35787.43
50463.89  35780.01
50400.81  35780.01
50330.30  35783.72
50252.37  35768.88
50174.44  35746.61
50115.06  35735.48
50037.13  35724.34
49962.91  35709.50
49907.25  35679.81
49840.45  35642.70
49792.20  35601.88
49732.83  35568.48
49677.16  35535.08
49628.92  35505.39
49569.54  35479.42
49525.01  35460.86
49480.48  35442.31
49432.24  35423.75
49376.57  35405.20
49309.77  35382.93
49265.24  35368.09
49209.58  35364.38
49120.51  35375.51
49046.29  35390.35
48986.92  35408.91
48927.54  35427.46
48860.74  35431.18
48786.52  35442.31
48727.14  35449.73
48671.48  35457.15
48608.39  35464.57
48545.30  35475.71
48493.35  35490.55
48426.55  35497.97
48374.60  35497.97