52799.72  34652.38
52857.12  34620.09
52925.28  34573.46
52986.26  34544.76
53040.07  34508.89
53108.23  34480.19
53169.21  34440.73
53226.61  34422.79
53280.41  34390.51
53323.46  34361.81
53388.04  34343.88
53445.43  34318.77
53510.00  34297.24
53563.81  34272.13
53617.62  34247.02
53667.84  34225.50
53721.65  34196.80
53775.46  34178.86
53825.68  34153.75
53875.90  34117.88
53918.95  34089.18
53965.58  34074.83
54033.74  34035.37
54134.18  33970.80
54241.80  33906.23
54306.37  33859.60
54349.42  33823.72
54399.64  33787.85
54453.45  33737.63
54500.08  33694.58
54561.06  33644.36
54600.52  33597.73
54650.75  33551.09
54708.14  33500.87
54754.78  33443.48
54783.47  33382.49
54790.65  33317.92
54783.47  33239.00
54769.12  33170.84
54769.12  33117.04
54765.54  33063.23
54779.89  32995.07
54794.23  32937.67
54805.00  32862.34
54819.35  32794.18
54822.93  32740.38
54833.70  32682.98
54848.04  32632.76
54858.80  32582.54
54883.92  32532.31
54905.44  32496.44
54937.73  32464.16
54984.36  32431.87
55041.75  32406.76
55095.56  32381.65
55135.02  32360.13
55192.42  32324.25
55249.82  32299.14
55292.86  32266.86
55339.50  32238.16
55378.96  32202.29
55429.18  32152.07
55475.81  32091.08
55518.86  32033.69
55558.32  31961.94
55590.61  31911.72
55615.71  31865.09
55648.00  31800.52
55662.35  31746.71
55669.52  31692.90
55676.70  31642.68
55687.46  31588.87
55698.22  31538.65
55708.98  31484.84
55708.98  31434.62
55712.57  31395.16
55730.51  31359.28
55773.55  31319.82
55820.19  31309.06
55881.17  31323.41
55924.22  31352.11
55945.74  31405.92
55970.85  31463.31
55985.20  31499.19
56013.90  31538.65
56035.42  31570.93
56074.88  31588.87
56125.11  31603.22
56171.74  31596.04
56214.79  31574.52
56254.25  31549.41
56275.77  31520.71
56293.71  31484.84
56297.29  31438.20
56293.71  31395.16
56297.29  31341.35
56315.23  31305.47
56333.16  31269.60
56361.86  31226.55
56386.97  31176.33
56426.43  31126.11
56458.72  31083.06
56501.77  31065.13
56577.10  31065.13
56648.84  31057.96
56720.59  31057.96
56792.33  31050.78
56874.84  31057.96
56953.76  31061.54
57032.68  31057.96
57093.66  31061.54
57151.06  31065.13
57201.28  31068.72
57258.68  31075.89
57305.31  31086.65
57359.12  31093.83
57394.99  31118.94
57430.86  31147.64
57463.15  31187.10
57484.67  31237.32
57509.79  31283.95
57538.48  31323.41
57567.18  31352.11
57620.99  31366.46
57678.38  31370.04
57753.71  31380.81
57825.46  31380.81
57882.86  31377.22
57947.43  31384.39
58008.41  31387.98
58069.39  31391.57
58130.38  31395.16
58194.95  31402.33
58259.52  31409.50
58320.50  31423.85
58388.66  31431.03
58446.05  31448.96
58492.69  31474.08
58524.98  31506.36
58564.43  31542.23
58589.55  31574.52
58607.48  31631.91
58607.48  31700.07
58596.72  31743.12
58557.26  31789.75
58521.39  31818.45
58485.52  31839.97
58431.71  31868.67
58385.07  31886.61
58324.09  31904.54
58270.28  31926.07
58202.12  31940.42
58144.73  31954.77
58076.57  31965.53
57990.48  31979.88
57918.73  31997.81
57850.57  32008.58
57771.65  32015.75
57664.04  32026.51
57556.42  32030.10
57430.86  32022.93
57319.66  32019.34
57215.63  32015.75
57118.77  32012.16
57003.98  32012.16
56860.49  32008.58
56738.52  32004.99
56666.78  32004.99
56605.80  32004.99
56541.23  31997.81
56483.83  31983.46
56430.02  31961.94
56386.97  31940.42
56354.69  31918.89
56300.88  31897.37
56243.48  31897.37
56182.50  31908.13
56128.69  31922.48
56092.82  31951.18
56031.84  31994.23
55992.38  32022.93
55956.50  32048.04
55920.63  32076.73
55870.41  32109.02
55823.78  32159.24
55769.97  32209.46
55726.92  32252.51
55680.29  32291.97
55637.24  32345.78
55597.78  32399.59
55554.73  32460.57
55500.92  32535.90
55482.99  32604.06
55468.64  32668.63
55454.29  32729.61
55443.53  32794.18
55443.53  32862.34
55443.53  32923.32
55450.70  32991.48
55457.88  33048.88
55468.64  33113.45
55479.40  33163.67
55504.51  33213.89
55540.38  33249.77
55601.37  33282.05
55655.18  33307.16
55712.57  33332.27
55759.21  33353.79
55813.02  33378.91
55877.59  33411.19
55938.57  33443.48
55988.79  33479.35
56028.25  33515.22
56056.95  33561.86
56067.71  33612.08
56064.12  33687.41
56056.95  33744.80
56039.01  33816.55
56017.49  33884.71
55995.96  33934.93
55967.27  33999.50
55945.74  34046.13
55902.70  34089.18
55866.82  34132.23
55813.02  34160.93
55762.79  34146.58
55726.92  34117.88
55687.46  34071.25
55644.41  34035.37
55615.71  34006.68
55572.67  33963.62
55522.45  33924.17
55457.88  33877.53
55400.48  33841.66
55328.73  33812.96
55260.58  33812.96
55185.25  33834.48
55106.32  33863.18
55038.17  33913.41
54944.90  33970.80
54851.63  34042.55
54765.54  34114.29
54668.68  34200.39
54535.95  34308.00
54410.40  34397.68
54342.24  34462.25
54252.56  34526.82
54177.23  34573.46
54083.96  34634.44
54008.63  34688.25
53915.36  34745.65
53818.50  34806.63
53725.23  34856.85
53700.12  34874.79
53610.44  34932.18
53531.52  34982.41
53441.84  35025.45
53370.10  35061.32
53305.53  35090.02
53255.30  35104.37
52799.72  34652.38