55154.03  36968.48
55159.19  36918.02
55164.01  36867.36
55168.42  36815.01
55172.03  36763.67
55175.22  36704.31
55177.68  36630.41
55178.16  36558.08
55176.32  36484.60
55173.58  36432.87
55168.69  36359.33
55163.46  36302.17
55150.12  36252.35
55133.49  36203.27
55116.94  36152.31
55102.13  36103.82
55078.45  36039.71
55060.11  35992.34
55033.82  35933.50
55011.60  35885.41
54986.88  35835.18
54949.89  35792.46
54907.00  35757.01
54849.66  35718.84
54794.16  35689.46
54746.30  35667.47
54697.42  35646.43
54627.38  35617.63
54579.80  35598.94
54528.92  35580.11
54479.18  35563.14
54420.40  35544.87
54367.32  35529.69
54301.07  35512.11
54240.07  35497.44
54182.11  35485.29
54125.40  35481.92
54045.32  35488.90
53993.48  35497.75
53926.22  35513.89
53875.66  35531.70
53810.91  35561.00
53745.86  35596.91
53701.60  35625.21
53648.64  35662.30
53591.02  35706.68
53535.34  35754.58
53483.47  35805.11
53437.69  35856.01
53405.05  35897.34
53374.39  35940.34
53345.01  35985.61
53311.70  36041.61
53278.16  36104.16
53247.54  36169.59
53221.55  36236.27
53202.63  36298.41
53191.25  36350.28
53183.92  36401.55
53178.09  36475.12
53177.92  36527.42
53180.53  36578.38
53185.50  36629.46
53192.55  36681.46
53201.48  36734.78
53214.93  36804.49
53230.54  36873.58
53249.24  36941.70
53271.88  37005.93
53302.12  37070.50
53333.06  37118.33
53368.27  37159.98
53408.57  37198.19
53450.10  37231.20
53505.42  37270.70
53563.63  37309.71
53620.60  37347.93
53684.00  37392.31
53726.11  37422.87
53778.29  37451.79
53840.25  37476.54
53896.61  37494.00
53961.27  37511.05
54021.85  37526.19
54090.59  37542.09
54149.14  37554.15
54204.33  37563.96
54271.65  37573.88
54322.88  37579.70
54388.35  37584.00
54452.04  37583.89
54509.50  37580.15
54568.52  37573.67
54622.77  37559.40
54687.47  37540.35
54743.19  37522.96
54808.47  37496.39
54864.20  37468.30
54912.62  37437.70
54958.44  37400.61
55003.94  37354.00
55047.70  37296.65
55073.77  37252.43
55096.62  37203.25
55117.73  37143.98
55135.28  37080.35
55146.60  37027.64
55154.02  36968.51
55154.03  36968.48