400.00   0.00 
399.97   5.03 
399.87  10.05 
399.72  15.08 
399.49  20.10 
399.21  25.12 
398.86  30.13 
398.45  35.14 
397.98  40.14 
397.44  45.14 
396.85  50.13 
396.18  55.12 
395.46  60.09 
394.67  65.05 
393.83  70.01 
392.91  74.95 
391.94  79.88 
390.91  84.80 
389.81  89.71 
388.65  94.60 
387.43  99.48 
386.15 104.34 
384.81 109.18 
383.41 114.01 
381.95 118.82 
380.42 123.61 
378.84 128.38 
377.20 133.13 
375.49 137.86 
373.73 142.56 
371.91 147.25 
370.03 151.91 
368.09 156.55 
366.10 161.16 
364.04 165.75 
361.93 170.31 
359.76 174.85 
357.54 179.35 
355.25 183.83 
352.92 188.28 
350.52 192.70 
348.07 197.09 
345.57 201.45 
343.01 205.78 
340.40 210.07 
337.73 214.33 
335.01 218.56 
332.24 222.75 
329.41 226.91 
326.54 231.03 
323.61 235.11 
320.63 239.16 
317.60 243.17 
314.52 247.14 
311.38 251.08 
308.21 254.97 
304.98 258.82 
301.70 262.63 
298.38 266.40 
295.01 270.13 
291.59 273.82 
288.12 277.46 
284.61 281.06 
281.06 284.61 
277.46 288.12 
273.82 291.59 
270.13 295.01 
266.40 298.38 
262.63 301.70 
258.82 304.98 
254.97 308.21 
251.08 311.38 
247.14 314.52 
243.17 317.60 
239.16 320.63 
235.11 323.61 
231.03 326.54 
226.91 329.41 
222.75 332.24 
218.56 335.01 
214.33 337.73 
210.07 340.40 
205.78 343.01 
201.45 345.57 
197.09 348.07 
192.70 350.52 
188.28 352.92 
183.83 355.25 
179.35 357.54 
174.85 359.76 
170.31 361.93 
165.75 364.04 
161.16 366.10 
156.55 368.09 
151.91 370.03 
147.25 371.91 
142.56 373.73 
137.86 375.49 
133.13 377.20 
128.38 378.84 
123.61 380.42 
118.82 381.95 
114.01 383.41 
109.18 384.81 
104.34 386.15 
 99.48 387.43 
 94.60 388.65 
 89.71 389.81 
 84.80 390.91 
 79.88 391.94 
 74.95 392.91 
 70.01 393.83 
 65.05 394.67 
 60.09 395.46 
 55.12 396.18 
 50.13 396.85 
 45.14 397.44 
 40.14 397.98 
 35.14 398.45 
 30.13 398.86 
 25.12 399.21 
 20.10 399.49 
 15.08 399.72 
 10.05 399.87 
  5.03 399.97 
  0.00 400.00 
 -5.03 399.97 
-10.05 399.87 
-15.08 399.72 
-20.10 399.49 
-25.12 399.21 
-30.13 398.86 
-35.14 398.45 
-40.14 397.98 
-45.14 397.44 
-50.13 396.85 
-55.12 396.18 
-60.09 395.46 
-65.05 394.67 
-70.01 393.83 
-74.95 392.91 
-79.88 391.94 
-84.80 390.91 
-89.71 389.81 
-94.60 388.65 
-99.48 387.43 
-104.34 386.15 
-109.18 384.81 
-114.01 383.41 
-118.82 381.95 
-123.61 380.42 
-128.38 378.84 
-133.13 377.20 
-137.86 375.49 
-142.56 373.73 
-147.25 371.91 
-151.91 370.03 
-156.55 368.09 
-161.16 366.10 
-165.75 364.04 
-170.31 361.93 
-174.85 359.76 
-179.35 357.54 
-183.83 355.25 
-188.28 352.92 
-192.70 350.52 
-197.09 348.07 
-201.45 345.57 
-205.78 343.01 
-210.07 340.40 
-214.33 337.73 
-218.56 335.01 
-222.75 332.24 
-226.91 329.41 
-231.03 326.54 
-235.11 323.61 
-239.16 320.63 
-243.17 317.60 
-247.14 314.52 
-251.08 311.38 
-254.97 308.21 
-258.82 304.98 
-262.63 301.70 
-266.40 298.38 
-270.13 295.01 
-273.82 291.59 
-277.46 288.12 
-281.06 284.61 
-284.61 281.06 
-288.12 277.46 
-291.59 273.82 
-295.01 270.13 
-298.38 266.40 
-301.70 262.63 
-304.98 258.82 
-308.21 254.97 
-311.38 251.08 
-314.52 247.14 
-317.60 243.17 
-320.63 239.16 
-323.61 235.11 
-326.54 231.03 
-329.41 226.91 
-332.24 222.75 
-335.01 218.56 
-337.73 214.33 
-340.40 210.07 
-343.01 205.78 
-345.57 201.45 
-348.07 197.09 
-350.52 192.70 
-352.92 188.28 
-355.25 183.83 
-357.54 179.35 
-359.76 174.85 
-361.93 170.31 
-364.04 165.75 
-366.10 161.16 
-368.09 156.55 
-370.03 151.91 
-371.91 147.25 
-373.73 142.56 
-375.49 137.86 
-377.20 133.13 
-378.84 128.38 
-380.42 123.61 
-381.95 118.82 
-383.41 114.01 
-384.81 109.18 
-386.15 104.34 
-387.43  99.48 
-388.65  94.60 
-389.81  89.71 
-390.91  84.80 
-391.94  79.88 
-392.91  74.95 
-393.83  70.01 
-394.67  65.05 
-395.46  60.09 
-396.18  55.12 
-396.85  50.13 
-397.44  45.14 
-397.98  40.14 
-398.45  35.14 
-398.86  30.13 
-399.21  25.12 
-399.49  20.10 
-399.72  15.08 
-399.87  10.05 
-399.97   5.03 
-400.00   0.00 
-399.97  -5.03 
-399.87 -10.05 
-399.72 -15.08 
-399.49 -20.10 
-399.21 -25.12 
-398.86 -30.13 
-398.45 -35.14 
-397.98 -40.14 
-397.44 -45.14 
-396.85 -50.13 
-396.18 -55.12 
-395.46 -60.09 
-394.67 -65.05 
-393.83 -70.01 
-392.91 -74.95 
-391.94 -79.88 
-390.91 -84.80 
-389.81 -89.71 
-388.65 -94.60 
-387.43 -99.48 
-386.15 -104.34 
-384.81 -109.18 
-383.41 -114.01 
-381.95 -118.82 
-380.42 -123.61 
-378.84 -128.38 
-377.20 -133.13 
-375.49 -137.86 
-373.73 -142.56 
-371.91 -147.25 
-370.03 -151.91 
-368.09 -156.55 
-366.10 -161.16 
-364.04 -165.75 
-361.93 -170.31 
-359.76 -174.85 
-357.54 -179.35 
-355.25 -183.83 
-352.92 -188.28 
-350.52 -192.70 
-348.07 -197.09 
-345.57 -201.45 
-343.01 -205.78 
-340.40 -210.07 
-337.73 -214.33 
-335.01 -218.56 
-332.24 -222.75 
-329.41 -226.91 
-326.54 -231.03 
-323.61 -235.11 
-320.63 -239.16 
-317.60 -243.17 
-314.52 -247.14 
-311.38 -251.08 
-308.21 -254.97 
-304.98 -258.82 
-301.70 -262.63 
-298.38 -266.40 
-295.01 -270.13 
-291.59 -273.82 
-288.12 -277.46 
-284.61 -281.06 
-281.06 -284.61 
-277.46 -288.12 
-273.82 -291.59 
-270.13 -295.01 
-266.40 -298.38 
-262.63 -301.70 
-258.82 -304.98 
-254.97 -308.21 
-251.08 -311.38 
-247.14 -314.52 
-243.17 -317.60 
-239.16 -320.63 
-235.11 -323.61 
-231.03 -326.54 
-226.91 -329.41 
-222.75 -332.24 
-218.56 -335.01 
-214.33 -337.73 
-210.07 -340.40 
-205.78 -343.01 
-201.45 -345.57 
-197.09 -348.07 
-192.70 -350.52 
-188.28 -352.92 
-183.83 -355.25 
-179.35 -357.54 
-174.85 -359.76 
-170.31 -361.93 
-165.75 -364.04 
-161.16 -366.10 
-156.55 -368.09 
-151.91 -370.03 
-147.25 -371.91 
-142.56 -373.73 
-137.86 -375.49 
-133.13 -377.20 
-128.38 -378.84 
-123.61 -380.42 
-118.82 -381.95 
-114.01 -383.41 
-109.18 -384.81 
-104.34 -386.15 
-99.48 -387.43 
-94.60 -388.65 
-89.71 -389.81 
-84.80 -390.91 
-79.88 -391.94 
-74.95 -392.91 
-70.01 -393.83 
-65.05 -394.67 
-60.09 -395.46 
-55.12 -396.18 
-50.13 -396.85 
-45.14 -397.44 
-40.14 -397.98 
-35.14 -398.45 
-30.13 -398.86 
-25.12 -399.21 
-20.10 -399.49 
-15.08 -399.72 
-10.05 -399.87 
 -5.03 -399.97 
 -0.00 -400.00 
  5.03 -399.97 
 10.05 -399.87 
 15.08 -399.72 
 20.10 -399.49 
 25.12 -399.21 
 30.13 -398.86 
 35.14 -398.45 
 40.14 -397.98 
 45.14 -397.44 
 50.13 -396.85 
 55.12 -396.18 
 60.09 -395.46 
 65.05 -394.67 
 70.01 -393.83 
 74.95 -392.91 
 79.88 -391.94 
 84.80 -390.91 
 89.71 -389.81 
 94.60 -388.65 
 99.48 -387.43 
104.34 -386.15 
109.18 -384.81 
114.01 -383.41 
118.82 -381.95 
123.61 -380.42 
128.38 -378.84 
133.13 -377.20 
137.86 -375.49 
142.56 -373.73 
147.25 -371.91 
151.91 -370.03 
156.55 -368.09 
161.16 -366.10 
165.75 -364.04 
170.31 -361.93 
174.85 -359.76 
179.35 -357.54 
183.83 -355.25 
188.28 -352.92 
192.70 -350.52 
197.09 -348.07 
201.45 -345.57 
205.78 -343.01 
210.07 -340.40 
214.33 -337.73 
218.56 -335.01 
222.75 -332.24 
226.91 -329.41 
231.03 -326.54 
235.11 -323.61 
239.16 -320.63 
243.17 -317.60 
247.14 -314.52 
251.08 -311.38 
254.97 -308.21 
258.82 -304.98 
262.63 -301.70 
266.40 -298.38 
270.13 -295.01 
273.82 -291.59 
277.46 -288.12 
281.06 -284.61 
284.61 -281.06 
288.12 -277.46 
291.59 -273.82 
295.01 -270.13 
298.38 -266.40 
301.70 -262.63 
304.98 -258.82 
308.21 -254.97 
311.38 -251.08 
314.52 -247.14 
317.60 -243.17 
320.63 -239.16 
323.61 -235.11 
326.54 -231.03 
329.41 -226.91 
332.24 -222.75 
335.01 -218.56 
337.73 -214.33 
340.40 -210.07 
343.01 -205.78 
345.57 -201.45 
348.07 -197.09 
350.52 -192.70 
352.92 -188.28 
355.25 -183.83 
357.54 -179.35 
359.76 -174.85 
361.93 -170.31 
364.04 -165.75 
366.10 -161.16 
368.09 -156.55 
370.03 -151.91 
371.91 -147.25 
373.73 -142.56 
375.49 -137.86 
377.20 -133.13 
378.84 -128.38 
380.42 -123.61 
381.95 -118.82 
383.41 -114.01 
384.81 -109.18 
386.15 -104.34 
387.43 -99.48 
388.65 -94.60 
389.81 -89.71 
390.91 -84.80 
391.94 -79.88 
392.91 -74.95 
393.83 -70.01 
394.67 -65.05 
395.46 -60.09 
396.18 -55.12 
396.85 -50.13 
397.44 -45.14 
397.98 -40.14 
398.45 -35.14 
398.86 -30.13 
399.21 -25.12 
399.49 -20.10 
399.72 -15.08 
399.87 -10.05 
399.97  -5.03 
400.00  -0.00 
399.97   5.03 
