ИД скважины	Скважина	X	Y	Эфф. толщина	Эфф.нефт.толщина		Коэфф. нефтенасыщенности		Коэфф. пористости (общие толщины)						
1200000170	170	65134,5	47120,7	7	7		0,947		0,117						
1200000171	171	66706,3	44672,6	6,8	6,8		0,936		0,136						
1200000172	172	63240	46723,9	5,4	5,4		0,957		0,11						
1200000173	173	63932,9	43461,3												
1200000174	174	63916,1	51217,8	14,8	14,8				0,083						
1200000175	175	67089,2	47458	2	2		0,951		0,094						
1200000176	176	63322,5	40993												
1200000177	177	66090,3	50332,6	3,8	3,8		0,911		0,118						
1200000178	178	62418,3	49245,2	6,6	6,6		0,964		0,119						
1200000180	180	61626,2	52663,1	8,8	8,8				0,117						
1200000181	181	64261,9	53812,1	2,2					0,101						
1200000184	184	69394,9	44821,9	3,6	3,6		0,885		0,074						
1200000191	191	72039,8	45948,9	6					0,128						
1200000801	801	66135,4	48299,3												
1200000802	802	66418,8	48627,5												
1200000803	803	64966,8	48150,3	11,2	11,2		0,966		0,109						
1200000804	804	64539,3	48051,4	7,2	7,2		0,961		0,142						
1200000806	806	63134	48195,5	5,8	5,8		0,958		0,11						
1200000807	807	66671,4	47267,1	6,2	6,2		0,966		0,137						
1200000808	808	65511,4	47219,4	14,4	14,4		0,969		0,128						
1200000809	809	64311,1	46992	7,4	7,4		0,972		0,139						
1200000815	815	67047,9	48902,4												
1200000816	816	65144,9	46200,7	4,8	4,8		0,956		0,117						
1200000818	818	62694,4	45630,6												
1200000820	820	67304,3	47661,6	1,8	1,8				0,132						
1200000821	821	64404,9	50373,9	1,2	1,2		0,983		0,186						
1200000823	823	65874	47400,8	10,4	10,4		0,949		0,109						
1200000826	826	63749	44868,1	4	4		0,969		0,147						
1200000827	827	65356	48492,9												
1200000828	828	63913,2	48034,2	9,6	9,6		0,935		0,093						
1200000831	831	67451,4	48426,1												
1200000834	834	65690,5	48752,4	1,6	1,6		0,91		0,08						
1200000835	835	64986,3	48716,3	13,8	13,8		0,958		0,133						
1200000836	836	64328,7	48583,9	5,2	5,2		0,938		0,105						
1200000846	846	63522,8	42787,4												
1200000848	848	67944,2	44049,1	5,4	5,4		0,933		0,125						
1200000857	857	67461,5	44649,1												
1200000861	861	63923,9	44151,3												
1200000869	869	64196,2	44778,5	6,3	6,3				0,172						
1200000873	873	66658,5	45666,1	3,3	3,3		0,951		0,1						
1200000874	874	65962,8	45745,1												
1200000876	876	64344,2	45409,6												
1200000877	877	63741,7	45305,1	1	1		0,915		0,102						
1200000886	886	63231,8	45836												
1200000892	892	65181,1	49214,2	1,2	1,2		0,931		0,098						
1200000894	894	63838,2	48963,1	6,6	6,6		0,97		0,143						
1200000895	895	63138,8	48890,2	7,4	7,4		0,964		0,131						
1200000901	901	65330,5	48161,5	9,9	9,9		0,921		0,092						
1200000902	902	64074,5	48007,4	6,6	6,6		0,927		0,113						
1200000903	903	62938,4	47817,2	5,8	5,8		0,91		0,072						
1200000904	904	66068,3	49449,1												
1200000907	907	67822,7	47963,5	2,2	2,2		0,917		0,11						
1200000908	908	67521,9	47478,8	1,2	1,2		0,937		0,125						
1200000909	909	66325,8	47320,5	5,6	5,6		0,949		0,111						
1200000910	910	64899,9	47082,6	7,8	7,8										
1200000911	911	64018,8	47353,9	8,4	8,4		0,94		0,098						
1200000912	912	62710,4	46744	6,6	6,6		0,949		0,1						
1200000913	913	66435,1	50412,6	4,2	4,2		0,963		0,102						
1200000914	914	67283,2	48084,8												
1200000915	915	64029,5	50031,5	14,2	14,2		0,957		0,14						
1200000916	916	66542,7	47818												
1200000917	917	67146,7	46381,8	13,4	13,4		0,931		0,122						
1200000918	918	65988,1	46104,1	5,8	5,8		0,964		0,116						
1200000919	919	65046,2	46114,1	8	8		0,96		0,126						
1200000920	920	65848,3	47833,1	7,4	7,4		0,964		0,13						
1200000921	921	62596,9	47948,8	8	8		0,965		0,109						
1200000922	922	65149,3	47691,3	7,4	7,4		0,933		0,111						
1200000923	923	64394,6	47631,9	9,2	9,2		0,947		0,087						
1200000924	924	62833,9	47605	6,6	6,6		0,961		0,106						
1200000925	925	62297,3	47261,6	6,9	6,9		0,943		0,12						
1200000926	926	67389,3	48789,3												
1200000927	927	66799,4	45234,4	1,6	1,6		0,951		0,099						
1200000929	929	63170,1	44667,1	4,5	4,5		0,907		0,089						
1200000930	930	66787,5	45535	2,4	2,4		0,975		0,123						
1200000931	931	66124,3	48593,7												
1200000932	932	64732,3	48103	7,6	7,6		0,886		0,093						
1200000952	952	63640,1	43160,7												
1200000965	965	67367	45012,1												
1200000966	966	66778,1	44953,6	1,2	1,2		0,89		0,108						
1200000971	971	63288,5	44147,9	1,2	1,2		0,963		0,118						
1200000974	974	67662,3	45657,7	13,7	13,7		0,952		0,127						
1200000976	976	65720,6	45453,9	3,6	3,6		0,906		0,131						
1200000978	978	64198,9	45086,8												
1200000988	988	65983,7	46761,4	10	10		0,969		0,127						
1200000998	998	64911,1	48955,1	7,6	7,6		0,951		0,108						
1200000999	999	64221,5	48790,3	6	6		0,955		0,129						
1200001005	1005	65897,1	49581,6												
1200001007	1007	64562,7	49445,5	1	1		0,958		0,156						
1200001010	1010	62365,4	48881,4												
1200001014	1014	65451,1	50204,8	5,6	5,6		0,912		0,079						
1200001015	1015	64733,4	50113,5	4,6	4,6		0,91		0,104						
1200001016	1016	63275,1	49907,7												
1200001017	1017	62677,1	49830,8	2,4	2,4				0,111						
1200001024	1024	62843,4	50471,2	9	9		0,963		0,115						
1200001025	1025	62128,2	50190,7												
1200001029	1029	63041,5	51176,2	9,3	9,3		0,965		0,182						
1200001030	1030	62543,6	51472,5	12,8	12,8		0,899		0,095						
1200002001	2001	64557,5	43713,1												
1200002003	2003	65608,5	47011,2	14,6	14,6				0,125						
1200002073	2073	63069,9	47872,3	6,2	6,2		0,946		0,128						
1200002083	2083	63131,3	48623,4	7,6	7,6		0,966		0,145						
1200002093	2093	62677,9	48965,9	8,7	8,7		0,971		0,149						
1200002103	2103	62448,5	49576,6	7,4	7,4		0,969		0,117						
1200002111	2111	62659,9	50359,8	3,2	3,2		0,963		0,123						
1200003000	3000	65513,1	49869,3	6,4	6,4				0,076						
1200003007	3007	65063,4	50363,7												
1200003008	3008	63659,9	50222,7	3,4	3,4		0,93		0,074						
1200003009	3009	63011,2	50150,1	5,6	5,6		0,96		0,113						
8200000943	943	63994,8	42632,3												
8200000962	962	63249,5	43683,9	1,2	1,2		0,924		0,086						
8200000964	964	68218,8	45035,1												
8200000969	969	64685,9	44523,5												
8200000986	986	67516,1	46935,9												
8200001026	1026	65622,8	51434,2	0,7	0,7		0,95		0,143						
1670000010	10	63834,9	34931,3												
1670000011	11	65646,7	33105,5												
1670000012	12	67991,4	30684,1												
1670000013	13	62612,5	32350,5												
1670000014	14	63636,7	37874,6	2,4					0,106						
1670000015	15	65560,9	41147	2	2		0,924		0,065						
1670000016	16	70829	34878,6	4,4					0,094						
1670000017	17	71174,3	37522,9												
1670000020	20	68068,3	42039,9												
1670000022	22	66857,2	36093,3												
1670000423	423	70473,3	41224,1												
1670002108	2108	64958,9	34113,9												
1670002110	2110	63393,2	34151,4												
1670002117	2117	64657,6	35897,3												
1670002118	2118	64195,8	35384,1												
1670002119	2119	63385	35444,1												
1670002129	2129	63313,5	36561,6												
1670002159	2159	66534,2	41572,1	1	1		0,928		0,076						
8670002122	2122	64203,8	36289,6												
8670002131	2131	63468,9	37056,2	0,7	0,7		0,897		0,087						
