47555.16  33056.05
47605.39  33113.45
47666.37  33192.37
47713.00  33271.29
47763.23  33343.03
47820.62  33436.30
47874.43  33511.63
47917.48  33590.55
47964.11  33669.47
48007.16  33751.98
48043.03  33838.07
48068.14  33916.99
48089.66  34003.09
48107.60  34082.01
48136.30  34182.45
48143.47  34268.54
48161.41  34347.46
48179.35  34440.73
48190.11  34551.94
48200.87  34641.62
48204.46  34734.89
48215.22  34824.57
48233.16  34917.84
48254.68  35003.93
48265.44  35086.44
48272.61  35154.59
48290.55  35237.10
48304.90  35305.26
48330.01  35394.94
48358.71  35477.45
48387.41  35545.61
48419.69  35620.94
48444.80  35692.68
48466.33  35760.84
48487.85  35814.65
48509.38  35872.04
48530.90  35933.03
48556.01  35983.25
48577.53  36044.23
48599.05  36090.87
48599.05  36144.68
48588.29  36205.66
48581.12  36263.05
48577.53  36324.04
48556.01  36367.09
48527.31  36410.13
48495.02  36449.59
48462.74  36489.05
48423.28  36542.86
48405.34  36603.84
48376.64  36639.71
48344.36  36668.41
48301.31  36707.88
48251.09  36758.09
48204.46  36808.32
48136.30  36862.12
48082.49  36890.82
48028.68  36926.70
47982.05  36955.39
47939.00  36998.44
47881.61  37048.66
47849.32  37088.12
47834.97  37145.52
47820.62  37202.91
47820.62  37249.55
47820.62  37303.36
47834.97  37346.40
47820.62  37389.45
47791.92  37446.85
47770.40  37504.24
47745.29  37561.64
47720.18  37633.38
47687.89  37676.43
47648.43  37726.65
47608.97  37776.88
47576.69  37827.09
47537.23  37873.73
47519.29  37927.54
47501.36  37981.35
47483.42  38027.98
47494.18  38081.79
47508.53  38124.84
47533.64  38189.41
47562.34  38261.15
47583.86  38318.55
47619.73  38379.53
47648.43  38433.34
47677.13  38487.15
47705.83  38540.96
47748.88  38605.53
47791.92  38677.27
47824.21  38734.67
47863.67  38788.48
47913.89  38863.81
47956.94  38928.38
48014.33  39003.71
48060.97  39064.70
48107.60  39136.44
48150.65  39208.19
48200.87  39279.93
48258.27  39366.02
48322.84  39441.36
48390.99  39516.69
48451.98  39577.67
48516.55  39627.89
48573.95  39681.70
48642.10  39746.27
48710.26  39796.50
48771.24  39843.13
48828.64  39889.77
48886.04  39932.81
48939.84  39983.03
48997.24  40022.49
49040.29  40054.78
49101.27  40087.06
49183.78  40122.93
49269.87  40144.46
49370.31  40176.74
49442.06  40194.68
49531.74  40223.38
49614.25  40237.73
49696.75  40255.66
49786.43  40277.19
49872.53  40295.12
49955.04  40313.06
50026.78  40327.41
50109.29  40338.17
50188.21  40359.70
50267.12  40374.04
50356.81  40388.39
50442.90  40388.39
50532.58  40391.98
50611.50  40406.33
50694.01  40420.68
50780.10  40424.27
50855.43  40431.44
50930.77  40438.61
51006.10  40442.20
51077.84  40449.38
51178.29  40456.55
51250.03  40463.72
51350.48  40478.07
51450.92  40485.25
51529.84  40492.42
51608.76  40503.18
51709.20  40521.12
51809.64  40535.47
51953.13  40549.82