34275.000000 53375.000000
34325.000000 53375.000000
34275.000000 53375.000000
34275.000000 53325.000000
34275.000000 53275.000000
34225.000000 53275.000000
34225.000000 53225.000000
34175.000000 53225.000000
34175.000000 53175.000000
34125.000000 53175.000000
34125.000000 53125.000000
34125.000000 53075.000000
34075.000000 53075.000000
34075.000000 53025.000000
34075.000000 52975.000000
34025.000000 52975.000000
34025.000000 52925.000000
34025.000000 52875.000000
33975.000000 52875.000000
33975.000000 52825.000000
33975.000000 52775.000000
33925.000000 52775.000000
33925.000000 52725.000000
33875.000000 52725.000000
33875.000000 52675.000000
33825.000000 52675.000000
33825.000000 52625.000000
33775.000000 52625.000000
33775.000000 52575.000000
33725.000000 52575.000000
33725.000000 52525.000000
33675.000000 52525.000000
33625.000000 52525.000000
33625.000000 52475.000000
33575.000000 52475.000000
33575.000000 52425.000000
33525.000000 52425.000000
33525.000000 52375.000000
33475.000000 52375.000000
33475.000000 52325.000000
33425.000000 52325.000000
33375.000000 52325.000000
33375.000000 52275.000000
33325.000000 52275.000000
33325.000000 52225.000000
33325.000000 52175.000000
33275.000000 52175.000000
33275.000000 52125.000000
33225.000000 52125.000000
33225.000000 52075.000000
33175.000000 52075.000000
33175.000000 52025.000000
33125.000000 52025.000000
33125.000000 51975.000000
33125.000000 51925.000000
33125.000000 51875.000000
33075.000000 51875.000000
33075.000000 51825.000000
33075.000000 51775.000000
33075.000000 51725.000000
33075.000000 51675.000000
33075.000000 51625.000000
33075.000000 51575.000000
33025.000000 51575.000000
33025.000000 51525.000000
33025.000000 51475.000000
33025.000000 51425.000000
32975.000000 51425.000000
32975.000000 51375.000000
32975.000000 51325.000000
32925.000000 51325.000000
32925.000000 51275.000000
32925.000000 51225.000000
32875.000000 51225.000000
32875.000000 51175.000000
32875.000000 51125.000000
32825.000000 51125.000000
32825.000000 51075.000000
32775.000000 51075.000000
32775.000000 51025.000000
32725.000000 51025.000000
32725.000000 50975.000000
32675.000000 50975.000000
32675.000000 50925.000000
32625.000000 50925.000000
32625.000000 50875.000000
32575.000000 50875.000000
32575.000000 50825.000000
32525.000000 50825.000000
32475.000000 50825.000000
32475.000000 50775.000000
32425.000000 50775.000000
32375.000000 50775.000000
32325.000000 50775.000000
32325.000000 50725.000000
32275.000000 50725.000000
32225.000000 50725.000000
32225.000000 50675.000000
32175.000000 50675.000000
32125.000000 50675.000000
32075.000000 50675.000000
32075.000000 50625.000000
32025.000000 50625.000000
31975.000000 50625.000000
31925.000000 50625.000000
31875.000000 50625.000000
31825.000000 50625.000000
31775.000000 50625.000000
31725.000000 50625.000000
31675.000000 50625.000000
31625.000000 50625.000000
31575.000000 50625.000000
31525.000000 50625.000000
31475.000000 50625.000000
31425.000000 50625.000000
31375.000000 50675.000000
31375.000000 50675.000000
31325.000000 50675.000000
31275.000000 50725.000000
31275.000000 50725.000000
31225.000000 50775.000000
31225.000000 50775.000000
31175.000000 50825.000000
31175.000000 50825.000000
31125.000000 50875.000000
31125.000000 50875.000000
31075.000000 50925.000000
31075.000000 50925.000000
31025.000000 50975.000000
31025.000000 50975.000000
30975.000000 51025.000000
30975.000000 51075.000000
30975.000000 51075.000000
30925.000000 51125.000000
30925.000000 51175.000000
30925.000000 51225.000000
30925.000000 51225.000000
30875.000000 51275.000000
30875.000000 51325.000000
30875.000000 51375.000000
30875.000000 51375.000000
30825.000000 51425.000000
30825.000000 51475.000000
30825.000000 51525.000000
30825.000000 51575.000000
30825.000000 51625.000000
30825.000000 51675.000000
30825.000000 51725.000000
30875.000000 51725.000000
30875.000000 51775.000000
30875.000000 51825.000000
30875.000000 51875.000000
30875.000000 51925.000000
30875.000000 51975.000000
30875.000000 52025.000000
30875.000000 52075.000000
30875.000000 52125.000000
30875.000000 52175.000000
30875.000000 52225.000000
30875.000000 52275.000000
30875.000000 52325.000000
30875.000000 52375.000000
30875.000000 52425.000000
30875.000000 52475.000000
30875.000000 52525.000000
30875.000000 52575.000000
30875.000000 52575.000000
30825.000000 52625.000000
30825.000000 52675.000000
30825.000000 52675.000000
30775.000000 52725.000000
30775.000000 52725.000000
30725.000000 52775.000000
30725.000000 52775.000000
30675.000000 52825.000000
30675.000000 52825.000000
30625.000000 52875.000000
30625.000000 52875.000000
30575.000000 52925.000000
30575.000000 52925.000000
30525.000000 52975.000000
30525.000000 52975.000000
30475.000000 53025.000000
30475.000000 53025.000000
30425.000000 53075.000000
30425.000000 53075.000000
30375.000000 53125.000000
30375.000000 53125.000000
30325.000000 53175.000000
30325.000000 53175.000000
30275.000000 53225.000000
30275.000000 53225.000000
30225.000000 53275.000000
30225.000000 53325.000000
30225.000000 53325.000000
30175.000000 53375.000000
30175.000000 53375.000000
30125.000000 53425.000000
30125.000000 53425.000000
30075.000000 53475.000000
30075.000000 53475.000000
30025.000000 53525.000000
30025.000000 53525.000000
29975.000000 53575.000000
29975.000000 53575.000000
29925.000000 53625.000000
29925.000000 53625.000000
29875.000000 53675.000000
29875.000000 53675.000000
29825.000000 53725.000000
29825.000000 53725.000000
29775.000000 53775.000000
29775.000000 53775.000000
29725.000000 53825.000000
29725.000000 53875.000000
29725.000000 53875.000000
29675.000000 53925.000000
29675.000000 53975.000000
29675.000000 53975.000000
29625.000000 54025.000000
29625.000000 54075.000000
29625.000000 54125.000000
29625.000000 54175.000000
29625.000000 54225.000000
29625.000000 54225.000000
29575.000000 54275.000000
29575.000000 54325.000000
29575.000000 54375.000000
29575.000000 54425.000000
29575.000000 54475.000000
29575.000000 54525.000000
29625.000000 54525.000000
29625.000000 54575.000000
29625.000000 54625.000000
29625.000000 54675.000000
29625.000000 54725.000000
29675.000000 54725.000000
29675.000000 54775.000000
29675.000000 54825.000000
29675.000000 54875.000000
29675.000000 54925.000000
29725.000000 54925.000000
29725.000000 54975.000000
29725.000000 55025.000000
29725.000000 55075.000000
29725.000000 55125.000000
29725.000000 55175.000000
29775.000000 55175.000000
29775.000000 55225.000000
29775.000000 55275.000000
29775.000000 55325.000000
29775.000000 55375.000000
29825.000000 55375.000000
29825.000000 55425.000000
29825.000000 55475.000000
29825.000000 55525.000000
29825.000000 55575.000000
29825.000000 55625.000000
29825.000000 55675.000000
29825.000000 55725.000000
29825.000000 55775.000000
29825.000000 55825.000000
29825.000000 55875.000000
29825.000000 55925.000000
29825.000000 55975.000000
29825.000000 56025.000000
29825.000000 56075.000000
29825.000000 56125.000000
29825.000000 56175.000000
29825.000000 56225.000000
29825.000000 56275.000000
29875.000000 56275.000000
29875.000000 56325.000000
29875.000000 56375.000000
29875.000000 56425.000000
29925.000000 56425.000000
29925.000000 56475.000000
29925.000000 56525.000000
29925.000000 56575.000000
29975.000000 56575.000000
29975.000000 56625.000000
29975.000000 56675.000000
30025.000000 56675.000000
30025.000000 56725.000000
30025.000000 56775.000000
30075.000000 56775.000000
30075.000000 56825.000000
30125.000000 56825.000000
30125.000000 56875.000000
30175.000000 56875.000000
30175.000000 56925.000000
30175.000000 56975.000000
30225.000000 56975.000000
30225.000000 57025.000000
30275.000000 57025.000000
30275.000000 57075.000000
30275.000000 57125.000000
30325.000000 57125.000000
30325.000000 57175.000000
30375.000000 57175.000000
30375.000000 57225.000000
30425.000000 57225.000000
30425.000000 57275.000000
30425.000000 57325.000000
30475.000000 57325.000000
30475.000000 57375.000000
30525.000000 57375.000000
30525.000000 57425.000000
30525.000000 57475.000000
30575.000000 57475.000000
30575.000000 57525.000000
30625.000000 57525.000000
30625.000000 57575.000000
30675.000000 57575.000000
30675.000000 57625.000000
30725.000000 57625.000000
30775.000000 57625.000000
30775.000000 57675.000000
30825.000000 57675.000000
30825.000000 57725.000000
30875.000000 57725.000000
30925.000000 57725.000000
30925.000000 57775.000000
30975.000000 57775.000000
31025.000000 57775.000000
31025.000000 57825.000000
31075.000000 57825.000000
31075.000000 57875.000000
31125.000000 57875.000000
31175.000000 57875.000000
31225.000000 57875.000000
31225.000000 57925.000000
31275.000000 57925.000000
31325.000000 57925.000000
31925.000000 58375.000000
31975.000000 58375.000000
31975.000000 58425.000000
31975.000000 58475.000000
32025.000000 58475.000000
32025.000000 58525.000000
32025.000000 58575.000000
32075.000000 58575.000000
32075.000000 58625.000000
32075.000000 58675.000000
32125.000000 58675.000000
32125.000000 58725.000000
32125.000000 58775.000000
32175.000000 58775.000000
32175.000000 58825.000000
32175.000000 58875.000000
32175.000000 58925.000000
32225.000000 58925.000000
32225.000000 58975.000000
32225.000000 59025.000000
32225.000000 59075.000000
32225.000000 59125.000000
32275.000000 59125.000000
32275.000000 59175.000000
32275.000000 59225.000000
32325.000000 59225.000000
32325.000000 59275.000000
32325.000000 59325.000000
32325.000000 59375.000000
32375.000000 59375.000000
32375.000000 59425.000000
32375.000000 59475.000000
32425.000000 59475.000000
32425.000000 59525.000000
32425.000000 59575.000000
32475.000000 59575.000000
32475.000000 59625.000000
32525.000000 59625.000000
32525.000000 59675.000000
32525.000000 59725.000000
32525.000000 59775.000000
32575.000000 59775.000000
32575.000000 59825.000000
32575.000000 59875.000000
32575.000000 59925.000000
32625.000000 59925.000000
32625.000000 59975.000000
32625.000000 60025.000000
32625.000000 60075.000000
32675.000000 60075.000000
32675.000000 60125.000000
32675.000000 60175.000000
32675.000000 60225.000000
32725.000000 60225.000000
32725.000000 60275.000000
32725.000000 60325.000000
32725.000000 60375.000000
32725.000000 60425.000000
32725.000000 60475.000000
32775.000000 60475.000000
32775.000000 60525.000000
32775.000000 60575.000000
32775.000000 60625.000000
32775.000000 60675.000000
32825.000000 60675.000000
32825.000000 60725.000000
32825.000000 60775.000000
32825.000000 60825.000000
32875.000000 60825.000000
32875.000000 60875.000000
32875.000000 60925.000000
32925.000000 60925.000000
32925.000000 60975.000000
32925.000000 61025.000000
32975.000000 61025.000000
32975.000000 61075.000000
33025.000000 61075.000000
33025.000000 61125.000000
33025.000000 61175.000000
33025.000000 61225.000000
33075.000000 61225.000000
33075.000000 61275.000000
33075.000000 61325.000000
33125.000000 61325.000000
33125.000000 61375.000000
33125.000000 61425.000000
33175.000000 61425.000000
33175.000000 61475.000000
33175.000000 61525.000000
33225.000000 61525.000000
33225.000000 61575.000000
33225.000000 61625.000000
33275.000000 61625.000000
33275.000000 61675.000000
33275.000000 61725.000000
33325.000000 61725.000000
33325.000000 61775.000000
33375.000000 61775.000000
33375.000000 61825.000000
33425.000000 61825.000000
33425.000000 61875.000000
33425.000000 61925.000000
33475.000000 61925.000000
33475.000000 61975.000000
33525.000000 61975.000000
33525.000000 62025.000000
33575.000000 62025.000000
33625.000000 62025.000000
33625.000000 62075.000000
33675.000000 62075.000000
33725.000000 62075.000000
33725.000000 62125.000000
33775.000000 62125.000000
33825.000000 62125.000000
33875.000000 62125.000000
33875.000000 62175.000000
33925.000000 62175.000000
33975.000000 62175.000000
34025.000000 62175.000000
34075.000000 62175.000000
34125.000000 62175.000000
34175.000000 62175.000000
34175.000000 62175.000000
34225.000000 62125.000000
34275.000000 62125.000000
34325.000000 62125.000000
34375.000000 62125.000000
34425.000000 62125.000000
34425.000000 62125.000000
34475.000000 62075.000000
34525.000000 62075.000000
34575.000000 62075.000000
34575.000000 62075.000000
34625.000000 62025.000000
34675.000000 62025.000000
34725.000000 62025.000000
34775.000000 62025.000000
34825.000000 62025.000000
34875.000000 62025.000000
34925.000000 62025.000000
34975.000000 62025.000000
34975.000000 62025.000000
35025.000000 61975.000000
35075.000000 61975.000000
35125.000000 61975.000000
35175.000000 61975.000000
35175.000000 61975.000000
35225.000000 61925.000000
35225.000000 61925.000000
35275.000000 61875.000000
35325.000000 61875.000000
35325.000000 61875.000000
35375.000000 61825.000000
35375.000000 61825.000000
35425.000000 61775.000000
35475.000000 61775.000000
35475.000000 61775.000000
35525.000000 61725.000000
35525.000000 61725.000000
35575.000000 61675.000000
35625.000000 61675.000000
35625.000000 61675.000000
35675.000000 61625.000000
35725.000000 61625.000000
35775.000000 61625.000000
35775.000000 61625.000000
35825.000000 61575.000000
35875.000000 61575.000000
35925.000000 61575.000000
35925.000000 61575.000000
35975.000000 61525.000000
36025.000000 61525.000000
36075.000000 61525.000000
36075.000000 61525.000000
36125.000000 61475.000000
36175.000000 61475.000000
36175.000000 61475.000000
36225.000000 61425.000000
36225.000000 61425.000000
36275.000000 61375.000000
36275.000000 61375.000000
36275.000000 61325.000000
36325.000000 61275.000000
36325.000000 61275.000000
36375.000000 61225.000000
36375.000000 61225.000000
36425.000000 61175.000000
36425.000000 61175.000000
36425.000000 61125.000000
36425.000000 61075.000000
36475.000000 61025.000000
36475.000000 61025.000000
36475.000000 60975.000000
36475.000000 60925.000000
36475.000000 60875.000000
36475.000000 60825.000000
36475.000000 60775.000000
36475.000000 60725.000000
36475.000000 60675.000000
36475.000000 60625.000000
36475.000000 60575.000000
36475.000000 60525.000000
36475.000000 60475.000000
36525.000000 60425.000000
36525.000000 60425.000000
36525.000000 60375.000000
36575.000000 60325.000000
36575.000000 60325.000000
36625.000000 60275.000000
36625.000000 60275.000000
36675.000000 60225.000000
36675.000000 60225.000000
36675.000000 60175.000000
36725.000000 60125.000000
36725.000000 60125.000000
36775.000000 60075.000000
36775.000000 60075.000000
36775.000000 60025.000000
36825.000000 59975.000000
36825.000000 59975.000000
36875.000000 59925.000000
36875.000000 59925.000000
36875.000000 59875.000000
36875.000000 59825.000000
36925.000000 59775.000000
36925.000000 59775.000000
36925.000000 59725.000000
36975.000000 59675.000000
36975.000000 59675.000000
37025.000000 59625.000000
37025.000000 59625.000000
37075.000000 59575.000000
37075.000000 59575.000000
37125.000000 59525.000000
37125.000000 59525.000000
37175.000000 59475.000000
37175.000000 59475.000000
37225.000000 59425.000000
37225.000000 59425.000000
37275.000000 59375.000000
37275.000000 59375.000000
37275.000000 59325.000000
37325.000000 59275.000000
37325.000000 59275.000000
37375.000000 59225.000000
37375.000000 59225.000000
37425.000000 59175.000000
37425.000000 59175.000000
37425.000000 59125.000000
37475.000000 59075.000000
37475.000000 59075.000000
37475.000000 59025.000000
37525.000000 58975.000000
37525.000000 58975.000000
37575.000000 58925.000000
37575.000000 58925.000000
37575.000000 58875.000000
37625.000000 58825.000000
37625.000000 58825.000000
37675.000000 58775.000000
37675.000000 58775.000000
37725.000000 58725.000000
37725.000000 58725.000000
37775.000000 58675.000000
37775.000000 58675.000000
37825.000000 58625.000000
37825.000000 58625.000000
37875.000000 58575.000000
37875.000000 58575.000000
37925.000000 58525.000000
37925.000000 58525.000000
37925.000000 58475.000000
37975.000000 58425.000000
37975.000000 58425.000000
37975.000000 58375.000000
37975.000000 58325.000000
37975.000000 58275.000000
37975.000000 58225.000000
37975.000000 58175.000000
37975.000000 58125.000000
37975.000000 58075.000000
37925.000000 58075.000000
37925.000000 58025.000000
37875.000000 58025.000000
37875.000000 57975.000000
37875.000000 57925.000000
37825.000000 57925.000000
37825.000000 57875.000000
37775.000000 57875.000000
37775.000000 57825.000000
37775.000000 57775.000000
37725.000000 57775.000000
37725.000000 57725.000000
37725.000000 57675.000000
37675.000000 57675.000000
37675.000000 57625.000000
37675.000000 57575.000000
37675.000000 57525.000000
37675.000000 57475.000000
37675.000000 57425.000000
37725.000000 57375.000000
37725.000000 57375.000000
37725.000000 57325.000000
37725.000000 57275.000000
37775.000000 57225.000000
37775.000000 57225.000000
37775.000000 57175.000000
37825.000000 57125.000000
37825.000000 57125.000000
37875.000000 57075.000000
37875.000000 57075.000000
37875.000000 57025.000000
37925.000000 56975.000000
37925.000000 56975.000000
37975.000000 56925.000000
37975.000000 56925.000000
38025.000000 56875.000000
38025.000000 56875.000000
38075.000000 56825.000000
38075.000000 56825.000000
38075.000000 56775.000000
38125.000000 56725.000000
38125.000000 56725.000000
38125.000000 56675.000000
38175.000000 56625.000000
38175.000000 56625.000000
38175.000000 56575.000000
38175.000000 56525.000000
38125.000000 56525.000000
38125.000000 56475.000000
38125.000000 56425.000000
38125.000000 56375.000000
38125.000000 56325.000000
38075.000000 56325.000000
38075.000000 56275.000000
38075.000000 56225.000000
38075.000000 56175.000000
38025.000000 56175.000000
38025.000000 56125.000000
38025.000000 56075.000000
37975.000000 56075.000000
37975.000000 56025.000000
37975.000000 55975.000000
37975.000000 55925.000000
37975.000000 55875.000000
37925.000000 55875.000000
37925.000000 55825.000000
37925.000000 55775.000000
37925.000000 55725.000000
37925.000000 55675.000000
37925.000000 55625.000000
37925.000000 55575.000000
37925.000000 55525.000000
37925.000000 55475.000000
37925.000000 55425.000000
37875.000000 55425.000000
37875.000000 55375.000000
37875.000000 55325.000000
37875.000000 55275.000000
37925.000000 55225.000000
37925.000000 55225.000000
37925.000000 55175.000000
37975.000000 55125.000000
37975.000000 55125.000000
38025.000000 55075.000000
38025.000000 55075.000000
38025.000000 55025.000000
38075.000000 54975.000000
38075.000000 54975.000000
38125.000000 54925.000000
38125.000000 54925.000000
38175.000000 54875.000000
38175.000000 54875.000000
38225.000000 54825.000000
38225.000000 54825.000000
38225.000000 54775.000000
38225.000000 54725.000000
38275.000000 54675.000000
38275.000000 54675.000000
38275.000000 54625.000000
38325.000000 54575.000000
38325.000000 54575.000000
38375.000000 54525.000000
38375.000000 54525.000000
38375.000000 54475.000000
38425.000000 54425.000000
38425.000000 54425.000000
38475.000000 54375.000000
38475.000000 54375.000000
38475.000000 54325.000000
38525.000000 54275.000000
38525.000000 54275.000000
38525.000000 54225.000000
38575.000000 54175.000000
38575.000000 54175.000000
38575.000000 54125.000000
38575.000000 54075.000000
38575.000000 54025.000000
38525.000000 54025.000000
38525.000000 53975.000000
38525.000000 53925.000000
38525.000000 53875.000000
38475.000000 53875.000000
38475.000000 53825.000000
38475.000000 53775.000000
38475.000000 53725.000000
38475.000000 53675.000000
38425.000000 53675.000000
38425.000000 53625.000000
38425.000000 53575.000000
38475.000000 53525.000000
38475.000000 53525.000000
38475.000000 53475.000000
38475.000000 53425.000000
38525.000000 53375.000000
38525.000000 53375.000000
38575.000000 53325.000000
38575.000000 53325.000000
38625.000000 53275.000000
38625.000000 53275.000000
38675.000000 53225.000000
38675.000000 53225.000000
38725.000000 53175.000000
38775.000000 53175.000000
38775.000000 53175.000000
38825.000000 53125.000000
38875.000000 53125.000000
38875.000000 53125.000000
38925.000000 53075.000000
38975.000000 53075.000000
38975.000000 53075.000000
39025.000000 53025.000000
39075.000000 53025.000000
39075.000000 53025.000000
39125.000000 52975.000000
39175.000000 52975.000000
39175.000000 52975.000000
39225.000000 52925.000000
39275.000000 52925.000000
39275.000000 52925.000000
39325.000000 52875.000000
39375.000000 52875.000000
39375.000000 52875.000000
39425.000000 52825.000000
39425.000000 52825.000000
39475.000000 52775.000000
39525.000000 52775.000000
39525.000000 52775.000000
39575.000000 52725.000000
39575.000000 52725.000000
39625.000000 52675.000000
39625.000000 52675.000000
39675.000000 52625.000000
39675.000000 52625.000000
39675.000000 52575.000000
39725.000000 52525.000000
39725.000000 52525.000000
39775.000000 52475.000000
39775.000000 52475.000000
39825.000000 52425.000000
39825.000000 52425.000000
39825.000000 52375.000000
39875.000000 52325.000000
39875.000000 52325.000000
39925.000000 52275.000000
39925.000000 52275.000000
39925.000000 52225.000000
39975.000000 52175.000000
39975.000000 52175.000000
40025.000000 52125.000000
40025.000000 52125.000000
40025.000000 52075.000000
40075.000000 52025.000000
40075.000000 52025.000000
40125.000000 51975.000000
40125.000000 51975.000000
40125.000000 51925.000000
40175.000000 51875.000000
40175.000000 51875.000000
40175.000000 51825.000000
40225.000000 51775.000000
40225.000000 51775.000000
35025.000000 53525.000000
35075.000000 53475.000000
35125.000000 53475.000000
35125.000000 53475.000000
35175.000000 53425.000000
35175.000000 53425.000000
35225.000000 53375.000000
35275.000000 53375.000000
35275.000000 53375.000000
35325.000000 53325.000000
35325.000000 53325.000000
35375.000000 53275.000000
35425.000000 53275.000000
35425.000000 53275.000000
35475.000000 53225.000000
35475.000000 53225.000000
35525.000000 53175.000000
35575.000000 53175.000000
35575.000000 53175.000000
35625.000000 53125.000000
35625.000000 53125.000000
35675.000000 53075.000000
35675.000000 53075.000000
35725.000000 53025.000000
35725.000000 53025.000000
35775.000000 52975.000000
35775.000000 52975.000000
35825.000000 52925.000000
35825.000000 52925.000000
35825.000000 52875.000000
35875.000000 52825.000000
35875.000000 52825.000000
35925.000000 52775.000000
35925.000000 52775.000000
35925.000000 52725.000000
35925.000000 52675.000000
35975.000000 52625.000000
35975.000000 52625.000000
35975.000000 52575.000000
36025.000000 52525.000000
36025.000000 52525.000000
36025.000000 52475.000000
36025.000000 52425.000000
36025.000000 52375.000000
36025.000000 52325.000000
36025.000000 52275.000000
36025.000000 52225.000000
36025.000000 52175.000000
36025.000000 52125.000000
36025.000000 52075.000000
36025.000000 52025.000000
36025.000000 51975.000000
36025.000000 51925.000000
36025.000000 51875.000000
36025.000000 51825.000000
36025.000000 51775.000000
36025.000000 51725.000000
36025.000000 51675.000000
36025.000000 51625.000000
35975.000000 51625.000000
35975.000000 51575.000000
35975.000000 51525.000000
35975.000000 51475.000000
35975.000000 51425.000000
35975.000000 51375.000000
35925.000000 51375.000000
35925.000000 51325.000000
35925.000000 51275.000000
35925.000000 51225.000000
35925.000000 51175.000000
35875.000000 51175.000000
35875.000000 51125.000000
35875.000000 51075.000000
35875.000000 51025.000000
35875.000000 50975.000000
35825.000000 50975.000000
35825.000000 50925.000000
35825.000000 50875.000000
35825.000000 50825.000000
35825.000000 50775.000000
35825.000000 50725.000000
35775.000000 50725.000000
35775.000000 50675.000000
35775.000000 50625.000000
35775.000000 50575.000000
35775.000000 50525.000000
35775.000000 50475.000000
35775.000000 50425.000000
35775.000000 50375.000000
35775.000000 50325.000000
35775.000000 50275.000000
35775.000000 50225.000000
35725.000000 50225.000000
35725.000000 50175.000000
35725.000000 50125.000000
35725.000000 50075.000000
35725.000000 50025.000000
35725.000000 49975.000000
35725.000000 49925.000000
35675.000000 49925.000000
35675.000000 49875.000000
35625.000000 49875.000000
35625.000000 49825.000000
35625.000000 49775.000000
35575.000000 49775.000000
35575.000000 49725.000000
35525.000000 49725.000000
35525.000000 49675.000000
35525.000000 49625.000000
35475.000000 49625.000000
35475.000000 49575.000000
35475.000000 49525.000000
35475.000000 49475.000000
35425.000000 49475.000000
35425.000000 49425.000000
35425.000000 49375.000000
35375.000000 49375.000000
35375.000000 49325.000000
35375.000000 49275.000000
35375.000000 49225.000000
35375.000000 49175.000000
35375.000000 49125.000000
35375.000000 49075.000000
35425.000000 49025.000000
35425.000000 49025.000000
35425.000000 48975.000000
35425.000000 48925.000000
35425.000000 48875.000000
35425.000000 48825.000000
35425.000000 48775.000000
35475.000000 48725.000000
35475.000000 48725.000000
35475.000000 48675.000000
35475.000000 48625.000000
35475.000000 48575.000000
35475.000000 48525.000000
35475.000000 48475.000000
35475.000000 48425.000000
34975.000000 58275.000000
34975.000000 58325.000000
34975.000000 58375.000000
34975.000000 58425.000000
33125.000000 47575.000000
33125.000000 47625.000000
33175.000000 47625.000000
33175.000000 47675.000000
33225.000000 47675.000000
33225.000000 47725.000000
33275.000000 47725.000000
33325.000000 47725.000000
33325.000000 47775.000000
33375.000000 47775.000000
33375.000000 47825.000000
33425.000000 47825.000000
33475.000000 47825.000000
33475.000000 47875.000000
33525.000000 47875.000000
33575.000000 47875.000000
33575.000000 47925.000000
33625.000000 47925.000000
33625.000000 47975.000000
33675.000000 47975.000000
33725.000000 47975.000000
33725.000000 48025.000000
33775.000000 48025.000000
33825.000000 48025.000000
33875.000000 48025.000000
33875.000000 48075.000000
33925.000000 48075.000000
33975.000000 48075.000000
34025.000000 48075.000000
34025.000000 48125.000000
34075.000000 48125.000000
34125.000000 48125.000000
34175.000000 48125.000000
34225.000000 48125.000000
34275.000000 48125.000000
34275.000000 48175.000000
34325.000000 48175.000000
34375.000000 48175.000000
34425.000000 48175.000000
34475.000000 48175.000000
34525.000000 48175.000000
34575.000000 48175.000000
34625.000000 48175.000000
34625.000000 48225.000000
34675.000000 48225.000000
34725.000000 48225.000000
34775.000000 48225.000000
34825.000000 48225.000000
34875.000000 48225.000000
34925.000000 48225.000000
34975.000000 48225.000000
34975.000000 48275.000000
35025.000000 48275.000000
35075.000000 48275.000000
35125.000000 48275.000000
35175.000000 48275.000000
35225.000000 48275.000000
35275.000000 48275.000000
35275.000000 48325.000000
35325.000000 48325.000000
35375.000000 48325.000000
35425.000000 48325.000000
35425.000000 48375.000000
35475.000000 48375.000000
35525.000000 48375.000000
35575.000000 48375.000000
35575.000000 48425.000000
35625.000000 48425.000000
35675.000000 48425.000000
35725.000000 48425.000000
35725.000000 48475.000000
35775.000000 48475.000000
35825.000000 48475.000000
35825.000000 48525.000000
35875.000000 48525.000000
35925.000000 48525.000000
35975.000000 48525.000000
35975.000000 48575.000000
36025.000000 48575.000000
36075.000000 48575.000000
36125.000000 48575.000000
36175.000000 48575.000000
36225.000000 48575.000000
36275.000000 48575.000000
36325.000000 48575.000000
36375.000000 48575.000000
36375.000000 48575.000000
36425.000000 48525.000000
36425.000000 48525.000000
36475.000000 48475.000000
36525.000000 48475.000000
36525.000000 48475.000000
36575.000000 48425.000000
36625.000000 48425.000000
36625.000000 48425.000000
36675.000000 48375.000000
36675.000000 48375.000000
36725.000000 48325.000000
36725.000000 48325.000000
36775.000000 48275.000000
36775.000000 48275.000000
36825.000000 48225.000000
36825.000000 48225.000000
36875.000000 48175.000000
36875.000000 48175.000000
36875.000000 48125.000000
36925.000000 48075.000000
36925.000000 48075.000000
36925.000000 48025.000000
36975.000000 47975.000000
36975.000000 47975.000000
37025.000000 47925.000000
37025.000000 47925.000000
37075.000000 47875.000000
37075.000000 47875.000000
37125.000000 47825.000000
37175.000000 47825.000000
37225.000000 47825.000000
37275.000000 47825.000000
37325.000000 47825.000000
37375.000000 47825.000000
37425.000000 47825.000000
37425.000000 47825.000000
37475.000000 47775.000000
37525.000000 47775.000000
37575.000000 47775.000000
37575.000000 47775.000000
37625.000000 47725.000000
37675.000000 47725.000000
37675.000000 47725.000000
37725.000000 47675.000000
37725.000000 47675.000000
37775.000000 47625.000000
37775.000000 47625.000000
37825.000000 47575.000000
37875.000000 47575.000000
37875.000000 47575.000000
37925.000000 47525.000000
37975.000000 47525.000000
37975.000000 47525.000000
38025.000000 47475.000000
38075.000000 47475.000000
38075.000000 47525.000000
38125.000000 47525.000000
38175.000000 47525.000000
38225.000000 47525.000000
38225.000000 47575.000000
38275.000000 47575.000000
38325.000000 47575.000000
38325.000000 47625.000000
38375.000000 47625.000000
38425.000000 47625.000000
38425.000000 47675.000000
38475.000000 47675.000000
38525.000000 47675.000000
38525.000000 47725.000000
38575.000000 47725.000000
38625.000000 47725.000000
38625.000000 47775.000000
38675.000000 47775.000000
38675.000000 47825.000000
38725.000000 47825.000000
38775.000000 47825.000000
38775.000000 47875.000000
38825.000000 47875.000000
38825.000000 47925.000000
38875.000000 47925.000000
38925.000000 47925.000000
38925.000000 47975.000000
38975.000000 47975.000000
38975.000000 48025.000000
39025.000000 48025.000000
39075.000000 48025.000000
39075.000000 48075.000000
39125.000000 48075.000000
39125.000000 48125.000000
39175.000000 48125.000000
39175.000000 48175.000000
39225.000000 48175.000000
39275.000000 48175.000000
39275.000000 48225.000000
39325.000000 48225.000000
39325.000000 48275.000000
39375.000000 48275.000000
39425.000000 48275.000000
39425.000000 48325.000000
39475.000000 48325.000000
39475.000000 48375.000000
39525.000000 48375.000000
39525.000000 48425.000000
39575.000000 48425.000000
39575.000000 48475.000000
39625.000000 48475.000000
39625.000000 48525.000000
39675.000000 48525.000000
39675.000000 48575.000000
39725.000000 48575.000000
39725.000000 48625.000000
39775.000000 48625.000000
39775.000000 48675.000000
39775.000000 48725.000000
39825.000000 48725.000000
39825.000000 48775.000000
39875.000000 48775.000000
39875.000000 48825.000000
39925.000000 48825.000000
39925.000000 48875.000000
39925.000000 48925.000000
39975.000000 48925.000000
39975.000000 48975.000000
40025.000000 48975.000000
40025.000000 49025.000000
40075.000000 49025.000000
40075.000000 49075.000000
40075.000000 49125.000000
40125.000000 49125.000000
40125.000000 49175.000000
40125.000000 49225.000000
40125.000000 49275.000000
40175.000000 49275.000000
40175.000000 49325.000000
40175.000000 49375.000000
40175.000000 49425.000000
40175.000000 49475.000000
40225.000000 49475.000000
40225.000000 49525.000000
40225.000000 49575.000000
40225.000000 49625.000000
40225.000000 49675.000000
40275.000000 49675.000000
40275.000000 49725.000000
40275.000000 49775.000000
40275.000000 49825.000000
40275.000000 49875.000000
40325.000000 49875.000000
40325.000000 49925.000000
40325.000000 49975.000000
40325.000000 50025.000000
40325.000000 50075.000000
40325.000000 50125.000000
40325.000000 50175.000000
40375.000000 50175.000000
40375.000000 50225.000000
40375.000000 50275.000000
40375.000000 50325.000000
40375.000000 50375.000000
40375.000000 50425.000000
40375.000000 50475.000000
40375.000000 50525.000000
40375.000000 50575.000000
40425.000000 50575.000000
40425.000000 50625.000000
40425.000000 50675.000000
40425.000000 50725.000000
40425.000000 50775.000000
40425.000000 50825.000000
40425.000000 50875.000000
40425.000000 50925.000000
40425.000000 50975.000000
40425.000000 51025.000000
40425.000000 51075.000000
40475.000000 51075.000000
40475.000000 51125.000000
40475.000000 51175.000000
40475.000000 51225.000000
40475.000000 51275.000000
40475.000000 51325.000000
40475.000000 51375.000000
40475.000000 51425.000000
40475.000000 51475.000000
40475.000000 51525.000000
40475.000000 51575.000000
40525.000000 51575.000000
40525.000000 51625.000000
40525.000000 51675.000000
40525.000000 51725.000000
40525.000000 51775.000000
40525.000000 51825.000000
40525.000000 51875.000000
40525.000000 51925.000000
40525.000000 51975.000000
34675.000000 52825.000000
34675.000000 52825.000000
34625.000000 52875.000000
34625.000000 52875.000000
34575.000000 52925.000000
34575.000000 52975.000000
34575.000000 52975.000000
34525.000000 53025.000000
34525.000000 53075.000000
34525.000000 53075.000000
34475.000000 53125.000000
34475.000000 53175.000000
34475.000000 53175.000000
34425.000000 53225.000000
34425.000000 53275.000000
34425.000000 53275.000000
34375.000000 53325.000000
34375.000000 53375.000000
34375.000000 53375.000000
34325.000000 53425.000000
34325.000000 53475.000000
34325.000000 53475.000000
34275.000000 53525.000000
34275.000000 53575.000000
34275.000000 53625.000000
34275.000000 53625.000000
34225.000000 53675.000000
34225.000000 53725.000000
34225.000000 53725.000000
34175.000000 53775.000000
34175.000000 53825.000000
34175.000000 53825.000000
34125.000000 53875.000000
34125.000000 53925.000000
34125.000000 53925.000000
34075.000000 53975.000000
34075.000000 54025.000000
34075.000000 54025.000000
34025.000000 54075.000000
34025.000000 54075.000000
33975.000000 54125.000000
33975.000000 54175.000000
33975.000000 54175.000000
33925.000000 54225.000000
33925.000000 54275.000000
33925.000000 54275.000000
33875.000000 54325.000000
33875.000000 54325.000000
33825.000000 54375.000000
33825.000000 54375.000000
33775.000000 54425.000000
33775.000000 54425.000000
33725.000000 54475.000000
33725.000000 54475.000000
33675.000000 54525.000000
33675.000000 54575.000000
33675.000000 54575.000000
33625.000000 54575.000000
33575.000000 54625.000000
33575.000000 54675.000000
33575.000000 54675.000000
33525.000000 54725.000000
33525.000000 54725.000000
33475.000000 54775.000000
33475.000000 54775.000000
33425.000000 54775.000000
33375.000000 54775.000000
33325.000000 54775.000000
33275.000000 54775.000000
33225.000000 54775.000000
33175.000000 54775.000000
33125.000000 54775.000000
33075.000000 54775.000000
33025.000000 54775.000000
32975.000000 54775.000000
32925.000000 54775.000000
32875.000000 54825.000000
32875.000000 54825.000000
32825.000000 54825.000000
32775.000000 54825.000000
32725.000000 54825.000000
32675.000000 54825.000000
32625.000000 54875.000000
32625.000000 54875.000000
32575.000000 54875.000000
32525.000000 54925.000000
32525.000000 54925.000000
32475.000000 54975.000000
32475.000000 54975.000000
32425.000000 55025.000000
32425.000000 55075.000000
32425.000000 55075.000000
32375.000000 55125.000000
32375.000000 55175.000000
32375.000000 55175.000000
32325.000000 55225.000000
32325.000000 55225.000000
32275.000000 55275.000000
32275.000000 55325.000000
32275.000000 55325.000000
32225.000000 55375.000000
32225.000000 55375.000000
32175.000000 55425.000000
32175.000000 55425.000000
32125.000000 55475.000000
32125.000000 55475.000000
32075.000000 55525.000000
32075.000000 55525.000000
32025.000000 55525.000000
31975.000000 55575.000000
31975.000000 55575.000000
31925.000000 55575.000000
31875.000000 55625.000000
31875.000000 55625.000000
31825.000000 55625.000000
31775.000000 55675.000000
31775.000000 55675.000000
31725.000000 55675.000000
31675.000000 55675.000000
31625.000000 55675.000000
31575.000000 55675.000000
31525.000000 55725.000000
31525.000000 55725.000000
31475.000000 55725.000000
31425.000000 55725.000000
31375.000000 55725.000000
31325.000000 55775.000000
31325.000000 55825.000000
31325.000000 55875.000000
31325.000000 55925.000000
31375.000000 55925.000000
31425.000000 55925.000000
31425.000000 55975.000000
31475.000000 55975.000000
31525.000000 55975.000000
31525.000000 56025.000000
31575.000000 56025.000000
31575.000000 56075.000000
31575.000000 56125.000000
31625.000000 56125.000000
31575.000000 56175.000000
31575.000000 56225.000000
31575.000000 56275.000000
31575.000000 56275.000000
31525.000000 56275.000000
31475.000000 56275.000000
31425.000000 56275.000000
31375.000000 56275.000000
31325.000000 56325.000000
31325.000000 56325.000000
31275.000000 56325.000000
31225.000000 56375.000000
31225.000000 56375.000000
31175.000000 56425.000000
31175.000000 56425.000000
31125.000000 56425.000000
31075.000000 56475.000000
31075.000000 56525.000000
31075.000000 56575.000000
31075.000000 56625.000000
31075.000000 56675.000000
31075.000000 56725.000000
31075.000000 56775.000000
31075.000000 56825.000000
31075.000000 56875.000000
31075.000000 56925.000000
31075.000000 56975.000000
31075.000000 57025.000000
31075.000000 57075.000000
31075.000000 57125.000000
31075.000000 57175.000000
31075.000000 57225.000000
31075.000000 57275.000000
31075.000000 57325.000000
31075.000000 57375.000000
31125.000000 57375.000000
31125.000000 57425.000000
31175.000000 57425.000000
31175.000000 57475.000000
31225.000000 57475.000000
31275.000000 57475.000000
31275.000000 57525.000000
31325.000000 57525.000000
31325.000000 57575.000000
31375.000000 57575.000000
31375.000000 57625.000000
31375.000000 57675.000000
31375.000000 57725.000000
31375.000000 57775.000000
31375.000000 57825.000000
31375.000000 57875.000000
31375.000000 57925.000000
31375.000000 57975.000000
31375.000000 58025.000000
31375.000000 58075.000000
31375.000000 58125.000000
31375.000000 58175.000000
31425.000000 58175.000000
31425.000000 58225.000000
31425.000000 58275.000000
31425.000000 58325.000000
31425.000000 58375.000000
31425.000000 58425.000000
31475.000000 58425.000000
31475.000000 58475.000000
31475.000000 58525.000000
31525.000000 58525.000000
31525.000000 58575.000000
31575.000000 58575.000000
31625.000000 58575.000000
31625.000000 58625.000000
31675.000000 58625.000000
31725.000000 58625.000000
31725.000000 58625.000000
31775.000000 58575.000000
31775.000000 58575.000000
31825.000000 58525.000000
31825.000000 58525.000000
31875.000000 58475.000000
31875.000000 58475.000000
31875.000000 58425.000000
31875.000000 58375.000000
31925.000000 58325.000000
31925.000000 58325.000000
31925.000000 58275.000000
31925.000000 58225.000000
31975.000000 58175.000000
31975.000000 58175.000000
31975.000000 58125.000000
31975.000000 58075.000000
31975.000000 58025.000000
31975.000000 57975.000000
32025.000000 57925.000000
32025.000000 57925.000000
32025.000000 57875.000000
32025.000000 57825.000000
32025.000000 57775.000000
32025.000000 57725.000000
32025.000000 57675.000000
32025.000000 57625.000000
32025.000000 57575.000000
32025.000000 57525.000000
32025.000000 57475.000000
32025.000000 57425.000000
32025.000000 57375.000000
32025.000000 57325.000000
32025.000000 57275.000000
32025.000000 57225.000000
32025.000000 57175.000000
32025.000000 57125.000000
32025.000000 57075.000000
32025.000000 57025.000000
32025.000000 56975.000000
32025.000000 56925.000000
32025.000000 56875.000000
32025.000000 56825.000000
32025.000000 56775.000000
32025.000000 56725.000000
32025.000000 56675.000000
32025.000000 56625.000000
32025.000000 56575.000000
31975.000000 56575.000000
31975.000000 56525.000000
31975.000000 56475.000000
31975.000000 56425.000000
31925.000000 56425.000000
31925.000000 56375.000000
31925.000000 56325.000000
31875.000000 56325.000000
31875.000000 56275.000000
31925.000000 56225.000000
31925.000000 56225.000000
31925.000000 56175.000000
31925.000000 56125.000000
31975.000000 56075.000000
31975.000000 56075.000000
32025.000000 56025.000000
32025.000000 56025.000000
32075.000000 55975.000000
32075.000000 55975.000000
32075.000000 55925.000000
32125.000000 55875.000000
32125.000000 55875.000000
32175.000000 55825.000000
32175.000000 55825.000000
32225.000000 55775.000000
32225.000000 55775.000000
32275.000000 55725.000000
32275.000000 55725.000000
32325.000000 55675.000000
32325.000000 55675.000000
32375.000000 55625.000000
32375.000000 55625.000000
32425.000000 55575.000000
32475.000000 55575.000000
32475.000000 55575.000000
32525.000000 55525.000000
32525.000000 55525.000000
32575.000000 55475.000000
32625.000000 55475.000000
32675.000000 55475.000000
32725.000000 55475.000000
32775.000000 55475.000000
32775.000000 55475.000000
32825.000000 55425.000000
32875.000000 55425.000000
32925.000000 55425.000000
32975.000000 55425.000000
32975.000000 55475.000000
33025.000000 55475.000000
33075.000000 55475.000000
33125.000000 55475.000000
33175.000000 55475.000000
33225.000000 55475.000000
33225.000000 55525.000000
33275.000000 55525.000000
33275.000000 55575.000000
33275.000000 55625.000000
33325.000000 55625.000000
33325.000000 55675.000000
33325.000000 55725.000000
33325.000000 55775.000000
33375.000000 55775.000000
33375.000000 55825.000000
33375.000000 55875.000000
33425.000000 55875.000000
33425.000000 55925.000000
33475.000000 55925.000000
33475.000000 55975.000000
33475.000000 56025.000000
33525.000000 56025.000000
33575.000000 56025.000000
33575.000000 56075.000000
33625.000000 56075.000000
33675.000000 56075.000000
33725.000000 56075.000000
33775.000000 56075.000000
33775.000000 56075.000000
33825.000000 56025.000000
33875.000000 56025.000000
33925.000000 56025.000000
33925.000000 56025.000000
33975.000000 55975.000000
34025.000000 55975.000000
34025.000000 55975.000000
34075.000000 55925.000000
34075.000000 55925.000000
34125.000000 55875.000000
34125.000000 55875.000000
34175.000000 55825.000000
34175.000000 55825.000000
34175.000000 55775.000000
34125.000000 55775.000000
34125.000000 55725.000000
34075.000000 55725.000000
34075.000000 55675.000000
34025.000000 55675.000000
34025.000000 55625.000000
33975.000000 55625.000000
33975.000000 55575.000000
33925.000000 55575.000000
33925.000000 55525.000000
33925.000000 55475.000000
33875.000000 55475.000000
33875.000000 55425.000000
33825.000000 55425.000000
33825.000000 55375.000000
33825.000000 55325.000000
33825.000000 55275.000000
33825.000000 55225.000000
33825.000000 55175.000000
33875.000000 55125.000000
33875.000000 55125.000000
33925.000000 55075.000000
33925.000000 55075.000000
33925.000000 55025.000000
33975.000000 54975.000000
33975.000000 54975.000000
34025.000000 54925.000000
34025.000000 54925.000000
34025.000000 54875.000000
34075.000000 54825.000000
34075.000000 54825.000000
34125.000000 54775.000000
34125.000000 54775.000000
34175.000000 54725.000000
34175.000000 54725.000000
34225.000000 54675.000000
34225.000000 54675.000000
34275.000000 54625.000000
34275.000000 54625.000000
34275.000000 54575.000000
34325.000000 54525.000000
34325.000000 54525.000000
34375.000000 54475.000000
34375.000000 54475.000000
34425.000000 54425.000000
34425.000000 54425.000000
34475.000000 54375.000000
34475.000000 54375.000000
34475.000000 54325.000000
34525.000000 54275.000000
34525.000000 54275.000000
34575.000000 54225.000000
34575.000000 54225.000000
34575.000000 54175.000000
34625.000000 54125.000000
34625.000000 54125.000000
34675.000000 54075.000000
34675.000000 54075.000000
34675.000000 54025.000000
34725.000000 53975.000000
34725.000000 53975.000000
34775.000000 53925.000000
34775.000000 53925.000000
34775.000000 53875.000000
34825.000000 53825.000000
34825.000000 53825.000000
34875.000000 53775.000000
34875.000000 53775.000000
34875.000000 53725.000000
34925.000000 53675.000000
34925.000000 53675.000000
34925.000000 53625.000000
34975.000000 53575.000000
34975.000000 53575.000000
34975.000000 53525.000000
35025.000000 53475.000000
35025.000000 53475.000000
35025.000000 53425.000000
35075.000000 53375.000000
35075.000000 53375.000000
35075.000000 53325.000000
35125.000000 53275.000000
35075.000000 53275.000000
35075.000000 53225.000000
35025.000000 53225.000000
35025.000000 53175.000000
34975.000000 53175.000000
34975.000000 53125.000000
34975.000000 53075.000000
34925.000000 53075.000000
34925.000000 53025.000000
34875.000000 53025.000000
34875.000000 52975.000000
34825.000000 52975.000000
34825.000000 52925.000000
34775.000000 52925.000000
34775.000000 52875.000000
34725.000000 52875.000000
34725.000000 52825.000000
34675.000000 52825.000000
36975.000000 55175.000000
36925.000000 55175.000000
36875.000000 55175.000000
36825.000000 55175.000000
36775.000000 55175.000000
36725.000000 55175.000000
36675.000000 55175.000000
36625.000000 55175.000000
36575.000000 55175.000000
36525.000000 55175.000000
36475.000000 55175.000000
36425.000000 55175.000000
36375.000000 55175.000000
36325.000000 55175.000000
36275.000000 55175.000000
36275.000000 55125.000000
36225.000000 55125.000000
36175.000000 55125.000000
36125.000000 55125.000000
36075.000000 55125.000000
36075.000000 55075.000000
36025.000000 55075.000000
35975.000000 55075.000000
35975.000000 55025.000000
35925.000000 55025.000000
35875.000000 55025.000000
35875.000000 54975.000000
35825.000000 54975.000000
35775.000000 54975.000000
35775.000000 54925.000000
35775.000000 54875.000000
35725.000000 54875.000000
35725.000000 54825.000000
35675.000000 54825.000000
35675.000000 54775.000000
35675.000000 54725.000000
35625.000000 54725.000000
35625.000000 54675.000000
35625.000000 54625.000000
35625.000000 54575.000000
35575.000000 54575.000000
35575.000000 54525.000000
35575.000000 54475.000000
35575.000000 54425.000000
35525.000000 54425.000000
35525.000000 54375.000000
35525.000000 54325.000000
35525.000000 54275.000000
35475.000000 54275.000000
35475.000000 54225.000000
35475.000000 54175.000000
35475.000000 54125.000000
35475.000000 54075.000000
35475.000000 54025.000000
35525.000000 53975.000000
35525.000000 53975.000000
35525.000000 53925.000000
35525.000000 53875.000000
35575.000000 53825.000000
35575.000000 53825.000000
35575.000000 53775.000000
35625.000000 53725.000000
35625.000000 53725.000000
35675.000000 53675.000000
35675.000000 53675.000000
35675.000000 53625.000000
35725.000000 53575.000000
35725.000000 53575.000000
35775.000000 53525.000000
35775.000000 53525.000000
35825.000000 53475.000000
35825.000000 53475.000000
35875.000000 53425.000000
35925.000000 53425.000000
35925.000000 53425.000000
35975.000000 53375.000000
35975.000000 53375.000000
36025.000000 53325.000000
36075.000000 53325.000000
36075.000000 53325.000000
36125.000000 53275.000000
36175.000000 53275.000000
36175.000000 53275.000000
36225.000000 53225.000000
36275.000000 53225.000000
36325.000000 53225.000000
36325.000000 53225.000000
36375.000000 53175.000000
36425.000000 53175.000000
36475.000000 53175.000000
36525.000000 53175.000000
36575.000000 53175.000000
36625.000000 53175.000000
36675.000000 53175.000000
36725.000000 53175.000000
36725.000000 53225.000000
36775.000000 53225.000000
36825.000000 53225.000000
36875.000000 53225.000000
36925.000000 53225.000000
36925.000000 53275.000000
36975.000000 53275.000000
37025.000000 53275.000000
37075.000000 53275.000000
37075.000000 53325.000000
37125.000000 53325.000000
37125.000000 53375.000000
37175.000000 53375.000000
37175.000000 53425.000000
37225.000000 53425.000000
37225.000000 53475.000000
37275.000000 53475.000000
37275.000000 53525.000000
37325.000000 53525.000000
37325.000000 53575.000000
37325.000000 53625.000000
37375.000000 53625.000000
37375.000000 53675.000000
37425.000000 53675.000000
37425.000000 53725.000000
37425.000000 53775.000000
37475.000000 53775.000000
37475.000000 53825.000000
37475.000000 53875.000000
37475.000000 53925.000000
37525.000000 53925.000000
37525.000000 53975.000000
37525.000000 54025.000000
37525.000000 54075.000000
37525.000000 54125.000000
37575.000000 54125.000000
37575.000000 54175.000000
37575.000000 54225.000000
37575.000000 54275.000000
37575.000000 54325.000000
37575.000000 54375.000000
37575.000000 54425.000000
37575.000000 54475.000000
37575.000000 54525.000000
37575.000000 54575.000000
37575.000000 54625.000000
37575.000000 54675.000000
37575.000000 54675.000000
37525.000000 54725.000000
37525.000000 54775.000000
37525.000000 54775.000000
37475.000000 54825.000000
37475.000000 54875.000000
37475.000000 54875.000000
37425.000000 54925.000000
37425.000000 54975.000000
37425.000000 54975.000000
37375.000000 55025.000000
37375.000000 55025.000000
37325.000000 55025.000000
37275.000000 55075.000000
37275.000000 55075.000000
37225.000000 55075.000000
37175.000000 55125.000000
37175.000000 55125.000000
37125.000000 55125.000000
37075.000000 55125.000000
37025.000000 55175.000000
37025.000000 55175.000000
34975.000000 58275.000000
34975.000000 58325.000000
34975.000000 58375.000000
34975.000000 58425.000000
