53399.30  34325.30
53351.06  34291.89
53306.52  34258.50
53269.41  34221.39
53236.02  34187.99
53198.91  34165.72
53154.38  34143.46
53113.55  34117.48
53069.02  34102.63
53024.49  34087.79
52983.67  34065.52
52931.71  34039.55
52890.89  34013.57
52842.65  33987.59
52794.41  33961.62
52753.59  33931.93
52727.61  33898.53
52690.50  33865.13
52645.96  33835.44
52612.57  33813.18
52579.17  33772.36
52549.48  33716.69
52516.08  33668.45
52486.39  33631.34
52445.57  33579.38
52419.59  33531.14
52386.20  33497.74
52356.51  33456.92
52319.40  33423.52
52293.42  33386.41
52263.73  33356.72
52219.20  33323.32
52182.09  33278.79
52148.69  33252.82
52115.29  33223.12
52085.61  33193.44
52059.63  33167.46
52029.94  33145.20
51989.12  33122.93
51944.59  33115.51
51885.21  33104.38
51840.68  33089.53
51781.30  33078.40
51710.79  33067.27
51666.26  33059.84
51610.60  33059.84
51554.93  33052.42
51510.40  33026.45
51458.45  33011.60
51413.91  32993.04
51354.54  32967.07
51321.14  32948.51
51261.76  32929.96
51217.23  32907.69
51154.14  32866.87
51102.19  32833.47
51061.37  32792.65
51016.84  32762.96
50983.44  32725.85
50938.90  32677.61
50894.37  32636.79
50864.68  32599.68
50835.00  32551.44
50816.44  32506.90
50790.46  32432.68
50764.49  32380.73
50742.22  32332.49
50712.53  32276.82
50693.98  32217.45
50679.13  32143.22
50653.16  32076.43
50642.02  32031.89
50627.18  31976.23
50616.05  31913.14
50612.34  31857.48
50604.91  31801.81
50601.20  31735.01
50604.91  31660.79
50601.20  31597.71
50616.05  31538.33
50630.89  31482.67
50642.02  31438.13
50653.16  31382.47
50668.00  31341.65
50690.27  31285.98
50712.53  31241.45
50749.64  31200.63
50790.46  31167.23
50827.57  31133.83
50853.55  31107.86
50894.37  31070.74
50927.77  31029.92
50961.17  31000.24
51005.70  30985.39
51057.66  30955.70
51109.61  30940.86
51168.99  30914.88
51239.50  30896.33
51306.29  30877.77
51361.96  30855.51
51413.91  30840.66
51473.29  30833.24
51528.95  30836.95
51595.75  30836.95
51655.13  30844.37
51714.50  30851.79
51777.59  30855.51
51833.26  30855.51
51885.21  30859.22
51940.88  30870.35
52011.38  30874.06
52067.05  30877.77
52119.00  30881.48
52182.09  30877.77
52241.46  30881.48
52297.13  30881.48
52352.80  30892.62
52404.75  30892.62
52452.99  30885.19
52504.95  30877.77
52556.90  30859.22
52605.14  30836.95
52657.10  30803.55
52701.63  30770.15
52749.88  30733.04
52794.41  30692.22
52824.09  30658.82
52864.91  30618.00
52894.60  30573.47
52935.43  30536.36
52968.82  30491.83
53013.36  30462.14
53050.46  30428.74
53091.29  30380.50
53135.82  30350.81
53176.64  30321.12
53213.75  30280.30
53258.28  30239.48
53302.81  30209.79
53339.93  30176.39
53369.61  30139.28
53414.14  30098.46
53447.54  30065.06
53495.79  30027.95
53532.89  29979.71
53566.29  29931.47
53603.41  29898.07
53647.94  29864.67
53703.60  29812.71
53751.84  29775.60
53777.82  29749.63
53833.49  29716.23
53878.02  29693.96
53941.11  29664.27
54004.19  29638.30
54056.15  29612.32
54108.10  29608.61
54163.77  29604.90
54226.86  29601.19
54286.23  29593.77
54349.32  29586.34
54408.69  29590.05
54471.78  29597.48
54531.16  29601.19
54586.82  29616.03
54649.91  29630.88
54709.29  29645.72
54761.24  29653.14
54809.48  29664.27
54865.14  29682.83
54913.39  29701.38
54965.34  29712.52
55024.72  29727.36
55080.38  29734.78
55132.34  29738.49
55184.29  29749.63
55236.25  29764.47
55280.78  29786.74
55347.58  29797.87
55421.80  29812.71
55481.17  29820.14
55596.21  29823.85
55666.72  29827.56
55733.52  29827.56
55807.74  29831.27
55863.41  29831.27
55926.49  29827.56
55978.45  29823.85
56037.82  29827.56
56104.62  29827.56
56164.00  29827.56
56219.66  29834.98
56286.46  29849.82
56345.84  29868.38
56397.79  29879.51
56453.46  29901.78
56516.54  29909.20
56549.94  29931.47
56598.18  29968.58
56664.98  29990.84
56709.52  30024.24
56757.76  30042.80
56794.87  30076.20
56850.53  30109.59
56887.64  30142.99
56928.46  30172.68
56980.42  30202.37
57024.95  30228.35
57073.20  30276.59
57125.15  30313.70
57177.10  30339.68
57229.05  30384.21
57269.88  30421.32
57314.41  30454.72
57358.94  30488.12
57414.61  30521.52
57462.85  30543.78
57507.38  30592.03
57551.91  30636.56
57589.02  30677.38
57648.40  30747.89
57685.51  30818.40
57726.33  30866.64
57752.31  30951.99
57789.42  31000.24
57815.39  31052.19
57848.79  31096.72
57878.48  31167.23
57900.75  31237.74
57919.30  31282.27
57934.14  31349.07
