58342.36  31931.70
58379.46  31965.10
58424.00  31983.65
58472.24  32005.92
58527.91  32031.89
58587.28  32061.58
58639.24  32083.85
58691.19  32113.54
58732.01  32132.09
58795.10  32165.49
58850.77  32176.62
58895.30  32187.76
58939.83  32198.89
58984.36  32210.02
59043.74  32221.16
59088.27  32239.71
59136.51  32254.55
59184.75  32273.11
59233.00  32299.09
59299.80  32325.06
59351.75  32339.91
59437.10  32369.60
59500.19  32403.00
59552.14  32443.82
59596.68  32473.50
59656.05  32514.32
59722.85  32536.59
59767.38  32551.44
59819.34  32569.99
59878.71  32588.54
59945.51  32610.81
60016.02  32636.79
60090.24  32651.63
60168.17  32677.61
60238.68  32699.88
60305.48  32714.72
60368.57  32729.56
60435.36  32744.41
60513.29  32755.54
60576.38  32777.80
60643.18  32796.36
60713.69  32814.92
60758.22  32837.18
60825.02  32852.03
60888.11  32885.43
60932.64  32907.69
60977.17  32933.67
61025.41  32959.64
61095.92  33000.46
61181.27  33041.29
61251.79  33063.55
61314.87  33093.24
61389.09  33126.64
61481.87  33182.30
61585.77  33230.55
61700.82  33293.64
61793.59  33356.72
61893.79  33423.52
61945.74  33479.19
61990.27  33527.43
62031.09  33579.38
62057.07  33631.34
62086.76  33687.00
62116.45  33757.51
62135.00  33835.44
62164.69  33917.09
62175.82  33995.02
62168.40  34065.52
62160.98  34132.32
62149.85  34225.10
62131.29  34314.16
62109.03  34414.36
62064.49  34533.11
62031.09  34648.15
62023.67  34755.77
62023.67  34822.57
62008.83  34904.21
61997.70  34974.72
61979.14  35052.65
61956.88  35138.00
61934.61  35189.96
61897.50  35249.34
61856.68  35297.58
61815.86  35364.38
61778.75  35412.62
61737.93  35475.71
61700.82  35535.08
61678.55  35579.61
61652.57  35635.28
61626.59  35709.50
61604.33  35776.30
61582.06  35846.80
61563.51  35913.61
61533.82  35976.69
61511.55  36021.22
61493.00  36073.18
61463.31  36132.55
61429.91  36180.80
61392.80  36225.33
61337.14  36273.57
61288.89  36306.97
61248.07  36344.08
61192.41  36384.90
61114.48  36414.59
61058.81  36444.28
60999.44  36459.12
60921.50  36466.54
60865.84  36473.96
60787.91  36473.96
60728.53  36473.96
60669.16  36470.25
60583.80  36462.83
60513.29  36466.54
60476.18  36473.96
60420.52  36499.94
60372.28  36529.63
60335.16  36555.61
60294.34  36592.72
60249.81  36626.12
60179.30  36666.94
60127.35  36707.76
60064.26  36752.29
60019.73  36781.98
59964.07  36822.80
59875.00  36856.20
59815.62  36871.04
59771.09  36893.31
59719.14  36923.00
59682.03  36948.98
59641.21  36986.09
59596.68  37015.77
59541.01  37064.02
59503.90  37108.55
59463.08  37149.37
59411.12  37201.32
59362.88  37249.57
59325.77  37275.54
59262.69  37312.65
59199.60  37357.18
59151.36  37401.72
59080.85  37442.54
58991.78  37498.20
58924.98  37550.16
58850.77  37583.55
58787.68  37616.96
58732.01  37672.62
58687.48  37720.86
58620.68  37795.08
58583.57  37847.04
58531.62  37898.99
58472.24  37932.39
58405.45  37958.37
58312.67  37980.63
58238.45  37991.77
58175.36  37991.77
58119.70  37969.50
58056.61  37928.68
58008.37  37902.70
57956.41  37873.02
57904.46  37839.62
57863.64  37806.21
57815.39  37769.11
57770.86  37739.42
57722.62  37717.15
57659.53  37680.04
57600.16  37665.20
57533.36  37668.91
57466.56  37676.33
57414.61  37683.75
57340.39  37706.02
57281.01  37732.00
57214.21  37761.68
57151.12  37795.08
57091.75  37835.91
57039.79  37873.02
56973.00  37913.84
56917.33  37950.95
56869.09  37995.48
56824.55  38036.30
56768.89  38077.12
56716.94  38110.52
56668.70  38143.92
56598.18  38155.05
56494.28  38147.63
56420.06  38132.79
56364.39  38117.94
56290.17  38088.25
56249.35  38069.70
56178.84  38051.14
56115.75  38028.88
56037.82  37999.19
55974.74  37973.21
55911.65  37954.66
55833.72  37943.52
55740.94  37932.39
55659.30  37924.97
55562.82  37910.12
55466.33  37906.41
55410.66  37891.57
55343.87  37884.15
55280.78  37887.86
55221.40  37902.70
55165.74  37932.39
55117.50  37954.66
55050.70  38010.32
54998.74  38043.72
54957.92  38084.54
54909.68  38117.94
54865.14  38166.18
54813.19  38195.87
54768.66  38221.85
54724.13  38240.40
54668.46  38258.96
54612.80  38284.94
54564.55  38314.62
54520.02  38344.31
54468.07  38385.13
54404.98  38425.95
54338.18  38463.06
54289.94  38492.75
54237.99  38515.02
54186.03  38541.00
54145.21  38552.13
54089.55  38555.84
54030.17  38548.42
53963.37  38533.57
53900.29  38511.31
53844.62  38492.75
53796.38  38474.20
53740.71  38466.77
53677.62  38448.22
53610.83  38440.80
53544.03  38444.51
53480.94  38455.64
53432.70  38466.77
53373.32  38485.33
53321.37  38518.73
53284.26  38574.39
53239.73  38618.93
53195.20  38670.88
53172.93  38726.55
53132.11  38793.34
53102.42  38860.14
53072.73  38923.23
53046.75  38993.74
53009.64  39053.11
52987.38  39112.49
52946.56  39179.29
52916.87  39249.80
52876.05  39309.17
52857.49  39361.13
52820.38  39420.50
52783.27  39468.75
52742.45  39513.28
52697.92  39557.81
52657.10  39602.34
52608.86  39646.88
52564.32  39683.98
52516.08  39721.09
52471.55  39754.49
52430.73  39784.18
52356.51  39836.14
52300.84  39884.38
52226.62  39932.62
52167.25  39962.31
52122.71  39999.42
52055.92  40040.24
51989.12  40069.93
51937.16  40114.46
51877.79  40147.86
51829.54  40173.84
51773.88  40214.66
51725.64  40248.06