500.00   0.00 
499.96   6.28 
499.84  12.57 
499.64  18.85 
499.37  25.12 
499.01  31.40 
498.58  37.66 
498.07  43.93 
497.48  50.18 
496.81  56.43 
496.06  62.67 
495.23  68.90 
494.33  75.11 
493.34  81.32 
492.28  87.51 
491.14  93.69 
489.93  99.85 
488.63 106.00 
487.26 112.14 
485.82 118.25 
484.29 124.34 
482.69 130.42 
481.01 136.48 
479.26 142.51 
477.43 148.52 
475.53 154.51 
473.55 160.47 
471.50 166.41 
469.37 172.32 
467.16 178.21 
464.89 184.06 
462.54 189.89 
460.12 195.69 
457.62 201.45 
455.05 207.19 
452.41 212.89 
449.70 218.56 
446.92 224.19 
444.07 229.79 
441.15 235.35 
438.15 240.88 
435.09 246.36 
431.96 251.81 
428.76 257.22 
425.50 262.59 
422.16 267.91 
418.76 273.20 
415.30 278.44 
411.77 283.63 
408.17 288.79 
404.51 293.89 
400.78 298.95 
397.00 303.97 
393.14 308.93 
389.23 313.85 
385.26 318.71 
381.22 323.53 
377.13 328.29 
372.97 333.01 
368.76 337.67 
364.48 342.27 
360.15 346.83 
355.77 351.32 
351.32 355.77 
346.83 360.15 
342.27 364.48 
337.67 368.76 
333.01 372.97 
328.29 377.13 
323.53 381.22 
318.71 385.26 
313.85 389.23 
308.93 393.14 
303.97 397.00 
298.95 400.78 
293.89 404.51 
288.79 408.17 
283.63 411.77 
278.44 415.30 
273.20 418.76 
267.91 422.16 
262.59 425.50 
257.22 428.76 
251.81 431.96 
246.36 435.09 
240.88 438.15 
235.35 441.15 
229.79 444.07 
224.19 446.92 
218.56 449.70 
212.89 452.41 
207.19 455.05 
201.45 457.62 
195.69 460.12 
189.89 462.54 
184.06 464.89 
178.21 467.16 
172.32 469.37 
166.41 471.50 
160.47 473.55 
154.51 475.53 
148.52 477.43 
142.51 479.26 
136.48 481.01 
130.42 482.69 
124.34 484.29 
118.25 485.82 
112.14 487.26 
106.00 488.63 
 99.85 489.93 
 93.69 491.14 
 87.51 492.28 
 81.32 493.34 
 75.11 494.33 
 68.90 495.23 
 62.67 496.06 
 56.43 496.81 
 50.18 497.48 
 43.93 498.07 
 37.66 498.58 
 31.40 499.01 
 25.12 499.37 
 18.85 499.64 
 12.57 499.84 
  6.28 499.96 
  0.00 500.00 
 -6.28 499.96 
-12.57 499.84 
-18.85 499.64 
-25.12 499.37 
-31.40 499.01 
-37.66 498.58 
-43.93 498.07 
-50.18 497.48 
-56.43 496.81 
-62.67 496.06 
-68.90 495.23 
-75.11 494.33 
-81.32 493.34 
-87.51 492.28 
-93.69 491.14 
-99.85 489.93 
-106.00 488.63 
-112.14 487.26 
-118.25 485.82 
-124.34 484.29 
-130.42 482.69 
-136.48 481.01 
-142.51 479.26 
-148.52 477.43 
-154.51 475.53 
-160.47 473.55 
-166.41 471.50 
-172.32 469.37 
-178.21 467.16 
-184.06 464.89 
-189.89 462.54 
-195.69 460.12 
-201.45 457.62 
-207.19 455.05 
-212.89 452.41 
-218.56 449.70 
-224.19 446.92 
-229.79 444.07 
-235.35 441.15 
-240.88 438.15 
-246.36 435.09 
-251.81 431.96 
-257.22 428.76 
-262.59 425.50 
-267.91 422.16 
-273.20 418.76 
-278.44 415.30 
-283.63 411.77 
-288.79 408.17 
-293.89 404.51 
-298.95 400.78 
-303.97 397.00 
-308.93 393.14 
-313.85 389.23 
-318.71 385.26 
-323.53 381.22 
-328.29 377.13 
-333.01 372.97 
-337.67 368.76 
-342.27 364.48 
-346.83 360.15 
-351.32 355.77 
-355.77 351.32 
-360.15 346.83 
-364.48 342.27 
-368.76 337.67 
-372.97 333.01 
-377.13 328.29 
-381.22 323.53 
-385.26 318.71 
-389.23 313.85 
-393.14 308.93 
-397.00 303.97 
-400.78 298.95 
-404.51 293.89 
-408.17 288.79 
-411.77 283.63 
-415.30 278.44 
-418.76 273.20 
-422.16 267.91 
-425.50 262.59 
-428.76 257.22 
-431.96 251.81 
-435.09 246.36 
-438.15 240.88 
-441.15 235.35 
-444.07 229.79 
-446.92 224.19 
-449.70 218.56 
-452.41 212.89 
-455.05 207.19 
-457.62 201.45 
-460.12 195.69 
-462.54 189.89 
-464.89 184.06 
-467.16 178.21 
-469.37 172.32 
-471.50 166.41 
-473.55 160.47 
-475.53 154.51 
-477.43 148.52 
-479.26 142.51 
-481.01 136.48 
-482.69 130.42 
-484.29 124.34 
-485.82 118.25 
-487.26 112.14 
-488.63 106.00 
-489.93  99.85 
-491.14  93.69 
-492.28  87.51 
-493.34  81.32 
-494.33  75.11 
-495.23  68.90 
-496.06  62.67 
-496.81  56.43 
-497.48  50.18 
-498.07  43.93 
-498.58  37.66 
-499.01  31.40 
-499.37  25.12 
-499.64  18.85 
-499.84  12.57 
-499.96   6.28 
-500.00   0.00 
-499.96  -6.28 
-499.84 -12.57 
-499.64 -18.85 
-499.37 -25.12 
-499.01 -31.40 
-498.58 -37.66 
-498.07 -43.93 
-497.48 -50.18 
-496.81 -56.43 
-496.06 -62.67 
-495.23 -68.90 
-494.33 -75.11 
-493.34 -81.32 
-492.28 -87.51 
-491.14 -93.69 
-489.93 -99.85 
-488.63 -106.00 
-487.26 -112.14 
-485.82 -118.25 
-484.29 -124.34 
-482.69 -130.42 
-481.01 -136.48 
-479.26 -142.51 
-477.43 -148.52 
-475.53 -154.51 
-473.55 -160.47 
-471.50 -166.41 
-469.37 -172.32 
-467.16 -178.21 
-464.89 -184.06 
-462.54 -189.89 
-460.12 -195.69 
-457.62 -201.45 
-455.05 -207.19 
-452.41 -212.89 
-449.70 -218.56 
-446.92 -224.19 
-444.07 -229.79 
-441.15 -235.35 
-438.15 -240.88 
-435.09 -246.36 
-431.96 -251.81 
-428.76 -257.22 
-425.50 -262.59 
-422.16 -267.91 
-418.76 -273.20 
-415.30 -278.44 
-411.77 -283.63 
-408.17 -288.79 
-404.51 -293.89 
-400.78 -298.95 
-397.00 -303.97 
-393.14 -308.93 
-389.23 -313.85 
-385.26 -318.71 
-381.22 -323.53 
-377.13 -328.29 
-372.97 -333.01 
-368.76 -337.67 
-364.48 -342.27 
-360.15 -346.83 
-355.77 -351.32 
-351.32 -355.77 
-346.83 -360.15 
-342.27 -364.48 
-337.67 -368.76 
-333.01 -372.97 
-328.29 -377.13 
-323.53 -381.22 
-318.71 -385.26 
-313.85 -389.23 
-308.93 -393.14 
-303.97 -397.00 
-298.95 -400.78 
-293.89 -404.51 
-288.79 -408.17 
-283.63 -411.77 
-278.44 -415.30 
-273.20 -418.76 
-267.91 -422.16 
-262.59 -425.50 
-257.22 -428.76 
-251.81 -431.96 
-246.36 -435.09 
-240.88 -438.15 
-235.35 -441.15 
-229.79 -444.07 
-224.19 -446.92 
-218.56 -449.70 
-212.89 -452.41 
-207.19 -455.05 
-201.45 -457.62 
-195.69 -460.12 
-189.89 -462.54 
-184.06 -464.89 
-178.21 -467.16 
-172.32 -469.37 
-166.41 -471.50 
-160.47 -473.55 
-154.51 -475.53 
-148.52 -477.43 
-142.51 -479.26 
-136.48 -481.01 
-130.42 -482.69 
-124.34 -484.29 
-118.25 -485.82 
-112.14 -487.26 
-106.00 -488.63 
-99.85 -489.93 
-93.69 -491.14 
-87.51 -492.28 
-81.32 -493.34 
-75.11 -494.33 
-68.90 -495.23 
-62.67 -496.06 
-56.43 -496.81 
-50.18 -497.48 
-43.93 -498.07 
-37.66 -498.58 
-31.40 -499.01 
-25.12 -499.37 
-18.85 -499.64 
-12.57 -499.84 
 -6.28 -499.96 
 -0.00 -500.00 
  6.28 -499.96 
 12.57 -499.84 
 18.85 -499.64 
 25.12 -499.37 
 31.40 -499.01 
 37.66 -498.58 
 43.93 -498.07 
 50.18 -497.48 
 56.43 -496.81 
 62.67 -496.06 
 68.90 -495.23 
 75.11 -494.33 
 81.32 -493.34 
 87.51 -492.28 
 93.69 -491.14 
 99.85 -489.93 
106.00 -488.63 
112.14 -487.26 
118.25 -485.82 
124.34 -484.29 
130.42 -482.69 
136.48 -481.01 
142.51 -479.26 
148.52 -477.43 
154.51 -475.53 
160.47 -473.55 
166.41 -471.50 
172.32 -469.37 
178.21 -467.16 
184.06 -464.89 
189.89 -462.54 
195.69 -460.12 
201.45 -457.62 
207.19 -455.05 
212.89 -452.41 
218.56 -449.70 
224.19 -446.92 
229.79 -444.07 
235.35 -441.15 
240.88 -438.15 
246.36 -435.09 
251.81 -431.96 
257.22 -428.76 
262.59 -425.50 
267.91 -422.16 
273.20 -418.76 
278.44 -415.30 
283.63 -411.77 
288.79 -408.17 
293.89 -404.51 
298.95 -400.78 
303.97 -397.00 
308.93 -393.14 
313.85 -389.23 
318.71 -385.26 
323.53 -381.22 
328.29 -377.13 
333.01 -372.97 
337.67 -368.76 
342.27 -364.48 
346.83 -360.15 
351.32 -355.77 
355.77 -351.32 
360.15 -346.83 
364.48 -342.27 
368.76 -337.67 
372.97 -333.01 
377.13 -328.29 
381.22 -323.53 
385.26 -318.71 
389.23 -313.85 
393.14 -308.93 
397.00 -303.97 
400.78 -298.95 
404.51 -293.89 
408.17 -288.79 
411.77 -283.63 
415.30 -278.44 
418.76 -273.20 
422.16 -267.91 
425.50 -262.59 
428.76 -257.22 
431.96 -251.81 
435.09 -246.36 
438.15 -240.88 
441.15 -235.35 
444.07 -229.79 
446.92 -224.19 
449.70 -218.56 
452.41 -212.89 
455.05 -207.19 
457.62 -201.45 
460.12 -195.69 
462.54 -189.89 
464.89 -184.06 
467.16 -178.21 
469.37 -172.32 
471.50 -166.41 
473.55 -160.47 
475.53 -154.51 
477.43 -148.52 
479.26 -142.51 
481.01 -136.48 
482.69 -130.42 
484.29 -124.34 
485.82 -118.25 
487.26 -112.14 
488.63 -106.00 
489.93 -99.85 
491.14 -93.69 
492.28 -87.51 
493.34 -81.32 
494.33 -75.11 
495.23 -68.90 
496.06 -62.67 
496.81 -56.43 
497.48 -50.18 
498.07 -43.93 
498.58 -37.66 
499.01 -31.40 
499.37 -25.12 
499.64 -18.85 
499.84 -12.57 
499.96  -6.28 
500.00  -0.00 
499.96   6.28 
