   -0.9633   -2.2350    0.2670
   -2.9725   -3.8117   -0.2135
   -2.1587    1.5575    0.1635
    1.4644    1.1369    0.5097
   -6.0841    3.2137    0.0755
   -0.6624    4.0083   -0.1984
    5.9179    3.8399    0.0906
   -3.7688    2.1483   -0.2221
   -5.4352    4.8484    0.1090
   -4.1939    7.1274    0.1046
    2.3333    6.6551    0.0926
    2.6389   -3.9430   -0.2125
    5.9261    5.9752    0.0942
   -5.8078    3.7224    0.0783
    5.1001   -1.2444   -0.1699
    6.2451   -6.8471    0.0101
    3.7585    0.8545   -0.1784
   -2.4622    5.7274   -0.0110
   -5.3434   -2.6279   -0.0620
   -4.9421   -7.1449    0.0681
   -1.2408   -2.2935    0.1884
   -0.1560   -1.0490    0.8221
    5.0550    0.9993   -0.1757
   -0.6823   -6.1866   -0.0147
   -0.7890    6.3720    0.0168
    6.4258    4.6580    0.1197
   -7.9107    5.0392   -0.0003
   -7.2134   -4.7860    0.0783
    3.0909   -3.6306   -0.2132
    7.7278    0.5896    0.1206
    0.8428   -7.0479    0.0994
   -4.8194   -3.6591   -0.0479
    2.0032   -1.4548    0.2445
   -1.9858    6.5438    0.0688
   -7.8420    1.5400    0.1148
    4.0587   -0.3489   -0.2052
    4.7019    1.5547   -0.2052
    5.5155    5.2716    0.1266
   -2.1160    7.2980    0.1197
    3.7004   -7.5400    0.0953
   -4.8977    4.9939    0.0858
    1.1073    3.2239   -0.0863
    2.1086   -6.5249    0.0765
    0.7805   -1.9908    0.3922
    6.9053   -5.3415    0.0730
    2.4885    5.4182   -0.0614
   -1.7295   -0.7742    0.4969
    3.1853   -5.6455    0.0214
   -1.6451    5.9189   -0.0250
    2.4834   -0.8934    0.1759
    5.4014    1.9299   -0.0997
   -1.1959    2.2402    0.2131
    1.5146   -4.0428   -0.2175
    3.4647   -4.9942   -0.0353
    0.1810   -0.1497    0.9858
   -0.1705   -0.5836    0.9329
   -5.0255    1.7751   -0.1597
    7.7233   -2.9715    0.1084
    4.9062    1.7341   -0.1706
   -0.2406    1.9364    0.4661
   -6.1662   -4.0646    0.1206
   -2.1540    0.0969    0.3863
   -5.7593   -0.5635   -0.0875
    5.1681    7.0772    0.0629
    2.7832   -2.5319   -0.1571
    7.3862   -3.0770    0.1222
   -7.0582   -1.4149    0.1049